src\com\TSP\ali535.tsp
pop_size 100
gen 5000
px 0.7
pm 0.7
tour_size 5
35846.863489227544
35641.51422949846
35360.73109938408
35155.91428655444
34910.76733184274
34631.04793699394
34470.05357923443
34193.33349272149
34016.92486384931
33595.8573095507
33401.02566947682
33216.58860779783
33016.949394663316
32893.003073472486
32635.8936984515
32511.75821037009
32334.43756377196
32122.418584981064
31962.547027925237
31810.777591901133
31676.49477135677
31404.76079235459
31177.3283228397
30974.718560651403
30769.60171924286
30437.598224757723
30215.74139652492
30032.64422545651
29883.80130425861
29754.395482523563
29541.844153826
29375.29805835361
29281.29011357615
29132.800541823806
29010.47144621523
28728.11945780606
28438.506655307134
28276.3516828602
28045.540476974373
27926.95227404991
27818.510192036127
27660.548666431492
27541.75989621814
27489.076396760836
27398.93500673054
27264.812922189118
27118.533016777194
27025.658563392706
26827.78550815474
26735.94844605946
26662.15590167695
26568.438065015755
26402.06419760961
26292.843363010517
26210.04613212167
26139.169100431038
26018.392855248312
25853.12540853654
25675.571323022767
25553.53905821557
25335.15794085372
25282.592774224795
25070.772433668473
24932.26714282335
24736.077225278976
24649.936891533886
24604.899935496313
24462.65465257116
24404.96270786047
24339.340380807796
24285.922149766342
24179.512162786134
24120.509038167762
24058.94766857026
23974.33839313623
23894.78788059427
23774.6672331619
23674.373628674537
23636.44024875374
23496.735757058454
23453.104688327905
23357.41579959573
23323.363920081407
23248.05382674296
23151.737127433076
23122.89253094553
23065.11120671019
22916.99069655839
22825.101424745517
22776.240618445714
22717.599106912334
22599.73045115022
22572.996651602072
22510.103601222298
22488.04953760681
22432.53673740723
22363.76155610551
22233.317693667534
22184.78453983918
22122.768275306615
22084.040354358298
21938.622651291276
21860.066451024588
21811.973204826667
21773.965252469334
21745.079380732517
21698.006870233843
21636.227456719294
21592.995765240215
21530.18924909912
21458.009932901517
21393.678502770952
21352.484272865102
21319.541197611383
21256.40187479436
21099.628944739634
21052.25866794695
20947.78198730862
20927.42878704914
20920.5573560943
20880.807470732885
20745.773285101925
20701.0395231154
20558.84716859094
20488.169513201137
20455.354847352777
20394.885360016695
20330.470419001937
20311.859041138956
20277.90964030765
20211.610188564973
20176.19011109699
20159.40967110344
20127.861417355674
20100.94330137691
20067.522660206265
20025.455351564713
19954.041080657455
19914.355850985463
19871.090864249363
19831.57202930934
19767.866845793098
19741.882984571042
19673.746504228908
19572.67948089602
19550.561497567887
19491.532524680282
19473.065528230116
19451.886528379488
19400.884892430448
19346.933671653787
19323.108926593493
19297.982382575512
19241.149513517757
19200.476446640332
19193.716582602163
19083.153520200784
19065.253844463954
19018.531299224105
18983.298164364624
18969.435814088272
18919.66312349903
18764.341076771987
18726.675421934935
18699.56893812648
18671.913706518197
18615.12857967449
18581.313160344183
18475.65193620598
18404.559424614632
18351.016504588664
18329.320854917973
18327.442018896818
18316.589677746193
18285.927304436987
18211.93911673011
18173.108344327895
18154.222235792175
18103.951252261046
18078.03853855472
18054.6151222564
17999.52565054578
17984.361018119438
17944.586487904096
17887.505694582458
17872.609691963557
17827.551043933065
17785.90592181794
17772.6968467729
17725.504769975552
17718.197130263885
17703.23809024578
17658.409830200984
17593.840454510813
17580.43846145115
17554.175378691558
17535.059900399814
17490.450614606198
17477.080952496675
17453.398959367074
17444.581428856887
17419.915212421638
17356.722881926336
17335.355429619623
17323.150449623547
17313.697917257865
17289.305961486396
17277.729858932285
17244.06096919613
17226.358735286354
17201.128257065488
17125.059493470028
17117.021713840593
17019.085898245434
16996.264084111644
16996.264084111644
16975.797018172816
16857.45083486101
16840.700893165642
16834.360239967955
16824.838886763642
16798.327354088102
16739.85837744625
16722.009064863116
16690.861180582964
16629.998612350482
16622.996309036454
16585.253992343296
16540.823722880203
16521.959547336006
16500.624920758004
16486.140009374867
16463.032860280284
16453.55322087916
16451.07424450031
16407.398187678627
16405.06575378736
16338.955954264009
16286.914213792297
16265.880721980218
16260.219107926652
16216.76081611248
16206.159781204311
16175.321054228021
16155.69285928046
16143.441409631108
16108.564336108415
16082.46475518338
16061.03414759764
16045.997146338737
16012.870290578958
15989.268857471916
15977.000579466363
15960.5418079097
15949.247590640214
15926.855266286055
15907.906067936014
15893.56063507618
15884.423376939974
15834.265438688117
15812.2502582343
15805.108686041169
15759.751219612672
15750.697836034002
15716.652856244033
15700.866523817385
15692.095921363469
15677.800501021902
15651.80087252518
15564.457859517674
15541.767383437793
15529.610757087576
15490.784991052078
15477.787739150734
15441.649361587943
15435.979756422446
15418.273112388353
15394.137335666333
15383.362465929764
15345.878818971276
15334.282635331016
15325.428460967823
15293.268588950183
15282.001094362147
15274.11640372017
15269.62815979442
15269.62815979442
15236.204159068522
15227.88485952539
15217.397495214887
15194.691822278675
15167.986806262017
15159.035023780678
15146.095091420313
15114.513647463691
15112.623319602764
15101.372425062315
15051.523441010673
15036.371731343635
15007.55227210604
14994.121686743847
14978.534846624914
14976.739564565136
14930.155276585107
14913.618179096806
14875.573022038876
14844.401427319925
14832.55987475376
14815.590656866774
14807.615282155886
14803.687593310451
14789.891185075207
14751.946318422826
14740.298909645058
14686.6107395466
14679.591708995498
14653.617470184903
14646.968606724318
14638.709805843202
14628.747789382036
14621.824993824404
14617.057829148462
14606.145823691899
14603.233215357033
14581.418408216236
14555.077671075509
14535.329808487868
14530.132156095322
14526.46268152931
14518.452726588475
14484.833953131101
14476.14059272943
14453.068534970134
14438.026997868668
14396.61893329618
14374.129739787282
14359.128573659507
14339.709073270355
14329.524560484033
14320.498443987522
14312.79774139689
14306.15342136434
14299.645252172912
14294.042151418791
14276.046573404787
14246.429795551432
14219.259959320796
14204.975094418854
14194.303241838325
14189.645069845017
14183.042314543176
14178.697543196453
14164.839571800812
14102.567123996289
14082.406829404641
14076.43896137449
14021.476275770217
14010.289601870621
14005.20853424908
14000.106495275899
13990.497724643179
13955.027929680116
13951.231415290735
13951.231415290735
13939.867325732304
13939.867325732304
13922.80709721254
13920.040119374282
13860.760254281013
13858.391230515004
13853.582691529535
13840.916353347804
13840.916353347804
13832.40693666113
13803.521716486805
13803.521716486805
13772.963002399456
13768.485936200583
13741.119113373117
13734.450012878204
13714.633528014365
13700.556571876352
13694.26349467322
13692.657399917267
13689.717897926814
13652.397362737493
13614.429756327369
13608.968465736509
13601.453732419826
13594.426770737025
13590.233482464466
13552.424190367803
13547.701482032135
13543.51600355139
13492.294640685357
13481.750017572436
13472.546200503757
13460.027563737629
13434.42058368051
13412.381348728271
13386.23216299687
13383.330844593116
13382.477527906858
13382.477527906858
13364.715590611839
13358.795556043522
13356.719923871447
13341.593112482034
13326.184085108163
13310.584463986124
13310.534552362476
13306.415835066284
13290.332174524885
13276.466766834053
13271.374974759507
13260.672809853717
13245.279233900415
13244.263603053312
13230.107356297356
13220.550748123544
13212.031046573065
13212.031046573065
13207.624228062212
13198.09175809506
13198.09175809506
13195.639555944706
13188.28235041715
13183.216772499152
13179.308857973538
13152.220452187945
13147.580956333377
13128.047158308975
13128.047158308975
13111.789877972304
13096.19619820106
13090.329692059515
13090.27972584352
13084.054331138444
13059.811142499073
13047.78701338386
13045.718068033553
13030.778082412766
13023.539296328952
13019.205196613191
13018.298831694541
13017.735591251332
13013.092145683813
13013.092145683813
13005.684465115908
13005.684465115908
13002.055182566897
12975.713658652492
12958.309398830585
12955.583247580604
12950.518292694333
12943.877222169103
12935.591384805193
12935.591384805193
12930.075519326989
12922.164197007456
12894.791295081975
12889.205586107304
12883.826719731542
12883.826719731542
12876.314091385259
12874.951570196468
12834.548522413583
12834.478679540744
12834.252834862848
12826.011648665333
12826.011648665333
12816.321190724871
12812.735239190002
12803.909869972995
12799.01109475535
12790.148872492939
12784.292490574422
12776.639707291244
12776.639707291244
12766.08740558356
12744.060237113306
12743.208657557745
12743.208657557745
12736.866690874858
12704.789994862796
12694.986212038948
12684.000967296699
12682.763203484566
12672.324805654618
12671.28459114708
12671.202361632215
12645.890931954978
12645.160559846066
12631.760619604858
12627.459718752685
12623.180345453326
12623.180345453326
12612.951668695587
12612.951668695587
12587.439785419843
12581.043028984986
12578.197670340764
12561.150180616667
12526.428523561604
12522.572025382065
12521.82112054795
12514.536201756746
12504.15651498389
12451.892729789
12446.403987180362
12441.546521157703
12436.226637576892
12416.238567532717
12411.280593631429
12400.830496997478
12393.32955348571
12393.03519311106
12384.343834223797
12383.362500413456
12377.534196317836
12341.665261087848
12340.749222368442
12327.320503169922
12323.211106851915
12301.766520413112
12301.766520413112
12297.369339986279
12287.374393165464
12283.566440404204
12280.125032270484
12280.125032270484
12280.125032270484
12278.749313527318
12268.974662586439
12268.974662586439
12268.974662586439
12265.66770311042
12264.460465591561
12263.315762744209
12262.89868048633
12262.89868048633
12256.62407045197
12235.385195096984
12222.06767593931
12218.665086171284
12202.339616153233
12202.339616153233
12186.090981332927
12137.975930162102
12137.975930162102
12136.121152844229
12136.121152844229
12129.38695652974
12125.13553936133
12113.876666499978
12106.674246063918
12106.674246063918
12106.674246063918
12104.654754497176
12101.470099388796
12098.332671142132
12089.324879969514
12089.324879969514
12089.324879969514
12075.441604332354
12075.441604332354
12073.573158456598
12073.573158456598
12073.573158456598
12071.5187101519
12070.550537229672
12067.27364951036
12062.889856930262
12057.45021590218
12050.834366550866
12048.734023479858
12048.734023479858
12041.473366307444
12040.184376548703
12040.184376548703
12040.184376548703
12038.280609222358
12037.59144835893
12037.59144835893
12037.083775452127
12035.204925691698
12021.923715043136
12017.521956886398
12011.319620335897
11998.814026883698
11990.168272490224
11976.58761700408
11973.615939472278
11966.811776025897
11966.811776025897
11966.811776025897
11962.686414087126
11962.686414087126
11959.776388649658
11956.04879292276
11953.412617237678
11943.123745729481
11943.123745729481
11937.766817937489
11937.766817937489
11935.275591997437
11930.01484451022
11927.9331705133
11924.945383730315
11909.600282221989
11909.445573434026
11907.676544603888
11903.58727955895
11882.457304826841
11881.665231870307
11881.665231870307
11880.637716596777
11880.637716596777
11880.637716596777
11872.033276425906
11871.598242087812
11867.268584851694
11858.730000083835
11852.45324678664
11834.33888970894
11833.509865740374
11833.509865740374
11833.509865740374
11831.114954747374
11827.996394518063
11825.64274644013
11825.253373210004
11817.984079949887
11817.135668018278
11809.022530133783
11805.017600592899
11799.507017941381
11799.507017941381
11796.126819987778
11795.891005089601
11752.096488690451
11747.326998884582
11747.326998884582
11740.44594038145
11740.1797183552
11740.1797183552
11740.1797183552
11734.384017230692
11728.659551640212
11727.45923505482
11727.45923505482
11713.656080417237
11709.209681890017
11709.209681890017
11708.35243862553
11703.760662476594
11696.976180141199
11696.976180141199
11690.23393932539
11689.38129979025
11682.868168599878
11682.868168599878
11682.868168599878
11680.374820349149
11676.512586017518
11674.147991993457
11674.147991993457
11674.147991993457
11674.147991993457
11674.147991993457
11667.21540554176
11667.073925605564
11667.073925605564
