src\com\TSP\ali535.tsp
pop_size 100
gen 5000
px 0.7
pm 0.7
tour_size 5
36355.54945153956
36113.14501474877
35917.34040545661
35749.58327819236
35464.96269680417
35262.12468559553
35011.2353922626
34815.082741484475
34560.921164021325
34392.83251710375
34207.88394636653
33976.614823890806
33755.14921584064
33579.5324469949
33429.909771516745
33312.41925460391
33016.34310323473
32904.93744844258
32723.81550760154
32511.02199317371
32320.525936442777
32151.952818043643
31977.182917267983
31804.36472205594
31601.512734012475
31492.070112176014
31349.876823973616
31214.656803958984
30945.470392531366
30800.032241461355
30676.402401740397
30483.867799253207
30324.933396274475
30189.57821406304
30049.948992536207
29847.79745473997
29685.59739451441
29588.668621086465
29475.91142307514
29334.91639547583
29180.88074739419
29025.536041075866
28873.467830979185
28747.246456531047
28566.854813223676
28326.47218142351
28250.634727736087
28082.736412738635
27991.942569782765
27832.211438225393
27672.283601233066
27554.74049746074
27416.093651780488
27209.88856496748
27143.03241066468
26974.952282786046
26850.961082398044
26738.496899724916
26628.200062311458
26533.893683861443
26335.76146831815
26247.62185220116
26136.357762961572
25992.281427194397
25930.522493380693
25769.404958709052
25664.468927585094
25554.243035518553
25493.405556779016
25435.274398385576
25360.82932788755
25290.56846447654
25199.25854472471
25130.331046382034
25064.099393204888
25010.093835913016
24923.395260938876
24876.647312860405
24738.636213509886
24683.86237990307
24638.949457422015
24562.426581720047
24496.510686037404
24391.618040264875
24252.347370800275
24187.485823657502
24087.898628158535
24043.439513203455
23971.380802014453
23908.376635814006
23825.26754085524
23778.988172704147
23712.03179384812
23642.672041179183
23577.137460331465
23478.980411068413
23419.53928939507
23347.730346880275
23295.819181223957
23257.42303876542
23038.179734247275
23012.865495185546
22985.606896804216
22960.097284298667
22908.437781897308
22809.32741938437
22698.81881306909
22654.681242546154
22533.248398175947
22479.076383094398
22420.690741812447
22302.459472406565
22142.795384343026
22055.2627251753
21971.135133971235
21763.236862496986
21737.63661929682
21683.91116140697
21634.83939865819
21478.127064751687
21410.56207070062
21285.207579338006
21246.1899464673
21235.351663408015
21157.33487308933
21083.750869083295
21034.96434424108
20975.718548154586
20944.167372614607
20920.728747621913
20864.893890020652
20803.221690946586
20794.303255162788
20766.14304263061
20710.371562655953
20691.661174489895
20667.130157557967
20619.500637329085
20571.156109955897
20504.057574837
20426.451043241585
20262.790912397417
20232.070822552054
20213.123141657972
20158.923506827356
20096.856060445567
20003.99955089844
19972.504602089357
19930.092341245945
19878.535380069603
19828.562910049746
19750.63529734058
19729.433008592627
19682.13321793787
19627.829548446956
19563.533118095595
19526.365585381343
19489.83915563521
19425.820813057948
19416.986043573277
19383.207005948203
19287.203454516657
19247.723760653647
19130.061058181116
19056.94762472029
19011.288857971285
18950.60891390169
18920.320038997077
18887.85368370302
18866.61693888088
18849.586266191312
18806.334199225512
18784.60528581369
18713.735366221885
18669.690069438366
18668.622347133212
18609.292603621994
18593.83407838116
18525.027614362134
18495.15403979529
18457.57077137278
18433.81912555049
18340.45017600789
18315.48847882766
18263.891750630984
18240.66602608202
18231.852854871417
18217.58736405693
18189.30420083826
18147.534657070686
18119.56159117214
18109.32588752446
18090.11316276317
18087.57953388498
18010.566865978566
18003.171888199053
17966.099263427925
17953.5769378145
17925.18751372712
17885.30543449359
17868.485415855987
17843.980937668653
17711.48281153657
17685.479127767994
17663.15834782229
17599.29842829364
17544.300832605844
17393.10484503322
17361.440257972074
17349.796996158384
17329.683345423204
17296.2301468071
17273.163593364035
17205.841123832604
17205.841123832604
17148.978356008953
17146.905479355155
17136.00819935817
17115.586669416723
17115.586669416723
17085.40063903874
17015.821717512546
17003.72719509445
16933.077345354937
16913.671989738585
16893.595892276917
16847.309899607582
16793.7172356609
16775.41635296931
16761.269417728454
16722.508673573047
16701.189564302895
16667.845433175393
16649.324412906542
16644.593496937643
16616.215118673827
16592.91963609011
16582.14209367234
16543.04049165083
16531.47938341845
16516.698877409286
16500.339077661025
16488.34498802965
16464.942442171992
16417.997819918503
16382.730970034398
16345.204697910127
16293.338414882981
16241.948915924984
16238.43966742985
16207.212036171572
16183.957139981074
16137.590674806244
16095.999954896984
16056.368096543158
16040.470988568972
16028.570183509668
15998.031662869256
15984.315697841257
15973.582552980128
15943.89631732471
15920.210292089221
15905.132870221929
15902.88741724725
15838.422047461363
15830.076778034118
15830.046981015166
15822.520000105207
15756.76966790818
15690.030426846602
15681.07752188848
15630.90863689958
15627.960673464071
15541.817714639237
15486.709954348094
15373.688895955675
15304.439159713222
15298.786778110984
15271.58699221481
15226.865345675053
15211.49309598005
15162.237112163368
15152.452969871678
15142.552212787914
15082.87194520424
15069.754316661065
15061.53319425207
15058.834772488806
15043.478911100743
15036.12922360021
15014.876926313807
14996.390458993774
14976.232865296653
14936.710203728602
14915.752483425902
14910.981641847955
14905.061708828054
14880.247665993367
14877.956648786098
14863.42036740014
14850.501911225816
14817.340999737284
14806.347712823766
14791.92090265768
14757.947184995099
14738.831348455007
14711.700888279962
14702.654300958384
14678.63359131321
14677.881492854216
14673.407202393291
14660.032098013304
14633.680358769589
14631.046806412229
14619.590226048631
14586.871122437658
14560.90434628182
14551.037691358368
14547.07666003172
14539.467137308575
14537.715207345413
14518.025620274722
14518.025620274722
14495.172073471087
14485.975425812914
14484.654223520518
14475.902830825093
14470.769678779305
14432.174654494762
14404.457325767626
14396.528939217402
14384.94062295937
14364.107346491573
14361.938045032717
14360.876664054376
14352.533522540018
14338.197033571889
14320.377329461715
14319.602330629528
14301.12715639991
14271.045908604074
14248.391771159959
14233.408417263636
14229.328503436487
14204.92088730138
14188.880380568591
14148.977061635775
14144.817278639837
14125.46159919069
14123.426328142736
14118.202380930894
14111.585047166443
14100.899708169145
14096.62074953065
14090.00681952781
14074.61979617155
14073.252721263965
14071.377905505868
14071.377905505868
14027.050588815458
14025.154694746889
14006.528088721856
14003.526068724454
13981.679712073581
13941.817789254485
13918.609233235964
13902.230436846905
13897.258782405674
13891.111912632212
13873.49669134839
13853.516124351048
13848.700598884687
13841.468428364531
13841.468428364531
13822.297455904401
13822.297455904401
13817.34320045795
13816.511776658303
13810.831960974589
13808.197722125804
13790.683896142838
13777.626151773387
13753.228206006059
13753.228206006059
13749.772096804469
13727.204177743939
13727.204177743939
13727.204177743939
13727.204177743939
13719.612435085273
13708.89188833514
13685.009924047588
13675.618904710664
13665.217452315397
13629.512674225196
13627.168726193273
13626.205201420082
13626.205201420082
13564.064703320482
13551.36178650663
13547.79782997117
13536.132551225824
13496.09563532197
13468.612281976353
13467.916455411552
13467.916455411552
13452.237103469502
13431.967419199225
13426.846610070976
13426.846610070976
13402.30797941715
13399.795698746768
13388.658455745837
13364.205014560304
13359.089736482998
13355.9276799924
13352.759980983436
13322.175615953927
13322.175615953927
13320.799741897923
13298.14521515775
13289.71966612726
13284.275130685162
13278.78314223116
13270.345597738089
13266.662126858939
13254.793089067241
13245.43583411832
13225.300557628945
13221.650304259907
13169.440081209039
13169.440081209039
13166.847543965716
13166.847543965716
13162.233164227886
13162.233164227886
13152.102048632949
13148.290888082505
13139.529116961983
13137.922361235118
13121.662976578718
13121.662976578718
13119.987752218065
13111.954149419886
13105.387725377492
13019.690722025745
13012.939610584137
12999.712884827131
12950.387067825699
12942.774796556272
12927.523455778168
12913.63327412141
12912.49304638707
12910.58231624325
12903.734846890558
12903.570032150787
12903.570032150787
12866.565631359957
12866.565631359957
12865.571491296156
12860.058988396278
12852.056764280438
12852.056764280438
12816.290335145357
12784.437111402907
12784.437111402907
12771.329231494785
12765.519086244569
12760.058110731128
12751.94558850242
12751.94558850242
12751.94558850242
12751.94558850242
12751.94558850242
12751.94558850242
12746.515925577749
12746.454195540317
12743.774423075874
12734.820292486203
12729.810936214812
12728.857041110075
12726.881196259428
12724.11567722833
12724.11567722833
12724.11567722833
12722.306680793512
12722.306680793512
12700.427262322364
12698.189629975115
12678.259571612438
12662.296454353485
12657.639861539736
12655.116103839473
12639.122201840559
12636.5111810365
12629.112833455145
12628.233671265829
12626.079786299037
12612.22304468825
12609.358473372558
12605.364929552252
12588.637306251432
12583.78822767386
12580.540831411203
12568.59961916869
12568.59961916869
12568.59961916869
12568.59961916869
12567.499109643422
12566.426904832764
12550.914200398458
12548.721777757526
12548.425723161226
12543.81571139521
12506.830965842555
12492.191255778907
12478.731806151987
12477.59438729603
12470.511250312931
12461.785683232552
12457.41265838651
12399.352350035544
12396.220285682
12393.38656599868
12382.965514306143
12382.965514306143
12372.181072700238
12371.980743348606
12358.431170977197
12345.644594250673
12344.07694841169
12344.07694841169
12339.450891723982
12336.207859751217
12336.207859751217
12334.138501447464
12332.942873037928
12326.218161864135
12324.185680522853
12323.783215610794
12320.283729189949
12314.912934846023
12307.732477473306
12300.311109166038
12300.311109166038
12288.29530015472
12286.551634659874
12284.68814106132
12269.20846010878
12267.674606821738
12266.164734215834
12256.093748404151
12247.704036795707
12233.542357273329
12232.653288906651
12226.56205765896
12226.56205765896
12226.56205765896
12226.56205765896
12220.088860018284
12212.40485569636
12205.660123056441
12205.660123056441
12205.660123056441
12199.365417052944
12194.927711337501
12193.70951623189
12193.70951623189
12189.975476981448
12186.07882205922
12174.615132123568
12174.615132123568
12174.615132123568
12172.974916484733
12172.974916484733
12164.28568158594
12160.74777474411
12139.420260438217
12138.291392874702
12134.909304429495
12127.700618713714
12125.110512806781
12122.05936736932
12105.274828995602
12104.856816517748
12104.591470018217
12102.89843279528
12102.89843279528
12102.89843279528
12097.531654653476
12094.578319242579
12091.27944933182
12089.053215737289
12079.971173208565
12078.191776367838
12078.191776367838
12077.37436538283
12077.37436538283
12074.381563958692
12073.947492863257
12067.199550376563
12067.199550376563
12066.517239361137
12065.66372797132
12061.467281948331
12057.983530204296
12054.697838782486
12052.257842316387
12030.466041129075
12022.191987419348
12018.129859788778
12014.191503066877
12012.071067523832
12010.519911282443
12003.800557736615
11995.40849849057
11991.263907397686
11985.555920816281
11970.374009541923
11970.374009541923
11964.529759413152
11962.231394635764
11962.231394635764
11962.074297830448
11959.081050734656
11955.011225107044
11954.850570280696
11953.437914072556
11953.437914072556
11949.864153199154
11939.152378025608
11939.152378025608
11939.152378025608
11939.152378025608
11934.272655084058
11921.248546101027
11919.93079711252
11919.133129888254
11918.720406933106
11912.76924781354
11912.76924781354
11898.81759371821
11893.423880436241
11890.961980861006
11890.961980861006
11884.727985548134
11884.727985548134
11869.902028708335
11859.690959766145
11858.100494180368
11843.744989968955
11830.842475009778
11827.52959591731
11827.52959591731
11827.52959591731
11827.52959591731
11827.52959591731
11827.52959591731
11827.52959591731
11826.959006145826
11826.959006145826
11826.959006145826
11826.959006145826
11820.65674104586
11813.968084172539
11813.968084172539
11812.409110420089
11812.409110420089
11807.630326157983
11807.630326157983
11807.630326157983
11797.065350592187
11795.852102836401
11795.852102836401
11783.53890835413
11782.37163881836
11781.433811268173
11781.433811268173
11778.731057307272
11776.496846225255
11764.847781770368
11763.008958818089
11761.084153705018
11749.202821539413
11749.202821539413
11741.358503574036
11741.358503574036
11740.65077025606
11734.691199832607
11734.691199832607
11733.782786305786
11730.857839935506
11726.710374277467
11725.622596954883
11725.129456691797
11725.129456691797
11725.129456691797
11725.129456691797
11692.250464779805
11686.089745660513
11683.058970695689
11678.748544551425
11678.748544551425
11671.66732053785
11669.550375977908
11657.917728173712
11657.917728173712
11657.917728173712
11641.864433068115
11633.682941766434
11631.261104026162
11631.261104026162
11629.436433312325
11629.436433312325
11624.299896455896
11624.299896455896
11620.208018954008
11619.382575683552
11616.956460318763
11616.956460318763
11616.956460318763
11604.016574851901
11604.016574851901
11604.016574851901
11604.016574851901
11600.741219164027
11597.374771007688
11594.902753379301
11594.902753379301
11594.022816390145
11592.989067856897
11591.50216657885
11591.50216657885
11586.412932990354
11586.25203565489
11535.99145346839
11527.315901795739
11527.315901795739
11527.315901795739
11523.683158563317
11511.650542588524
11504.815961372822
11490.112256688537
11486.325197966087
11484.573356041748
11484.466792760331
11479.612248664487
11479.612248664487
11479.612248664487
11479.612248664487
11475.511414052644
11469.177854626638
11454.145523173564
11449.49735434134
11449.49735434134
11449.299808689662
11446.211761987264
11446.076826402003
11444.484821874687
11444.484821874687
11444.484821874687
11444.484821874687
11444.484821874687
11425.730995679953
11425.730995679953
11419.599907095044
11419.599907095044
11419.599907095044
11418.707967254477
11418.707967254477
11416.477061732598
11416.477061732598
11406.702273246055
11385.637744019701
11385.308202092983
11380.776356100127
11378.57281957725
11378.57281957725
11375.050379651953
11371.910550735973
11370.80800857879
11370.80800857879
11370.80800857879
11370.80800857879
11346.109994735763
11346.109994735763
11346.109994735763
11343.706150033433
11342.455125197595
11342.455125197595
11342.455125197595
11337.966641335805
11335.538704154334
11335.538704154334
11334.094119200636
11334.094119200636
11332.846368083954
11332.846368083954
11329.452456400342
11326.948642452946
11324.068282223621
11324.068282223621
11315.41187394396
11315.41187394396
11279.235601224522
11274.912076124518
11274.30026733664
11274.30026733664
11274.30026733664
11273.02147971992
11264.37228868132
11257.037924140564
11257.037924140564
11256.137876971761
11254.048701058378
11254.048701058378
11253.404289189735
11248.437771390452
11248.437771390452
11245.45596277946
11244.030201935893
11236.640799497358
11236.640799497358
11236.640799497358
11231.508257454418
11231.303219765678
11228.927674496246
11225.78419394749
11220.00912844737
11220.00912844737
11220.00912844737
11219.47149411229
11219.47149411229
11201.30636215819
11201.30636215819
11196.579582766655
11183.678808236971
11183.678808236971
11183.678808236971
11183.678808236971
11180.983804072715
11164.203174316028
11158.53758352441
11147.536877027133
11144.542921707904
11141.852768375184
11139.54564430224
11139.54564430224
11139.440223406411
11132.483971961923
11130.35679755859
11130.35679755859
11130.35679755859
11129.506173983913
11105.541408198764
11105.541408198764
11098.920076169177
11098.920076169177
11095.915519609845
11095.915519609845
11095.915519609845
11089.523716875568
11089.523716875568
11089.523716875568
11089.523716875568
11089.523716875568
11089.523716875568
11089.46015872216
11089.46015872216
11086.023336699249
11083.775865987582
11083.775865987582
11083.775865987582
11041.91031852091
11023.541239838476
11021.23045276227
11021.23045276227
11017.602599242371
11014.188431371482
11006.997102511881
11006.997102511881
11000.871832215125
10995.76090071035
10995.76090071035
10993.806158586762
10992.433993052791
10989.074940727302
10989.074940727302
10976.879007502479
10968.922930729439
10968.922930729439
10968.922930729439
10968.922930729439
10968.922930729439
10968.922930729439
10965.14115827685
10962.589119430815
10962.589119430815
10962.589119430815
10947.463291375721
10947.300378493712
10947.300378493712
10938.41453047408
10938.41453047408
10936.993821074067
10932.009975799063
10932.009975799063
10932.009975799063
10906.78000517384
10906.78000517384
10906.78000517384
10905.813158767478
10904.91765776863
10874.602083474758
10874.602083474758
10871.877927852263
10871.6750087708
10871.6750087708
10871.6750087708
10867.539273226621
10857.691204209286
10857.691204209286
10857.691204209286
10857.312908335727
10857.312908335727
10846.079585329655
10819.228442351441
10818.54472370716
10818.422329879202
10818.422329879202
10807.58350547592
10807.58350547592
10804.203506179618
10804.203506179618
10804.203506179618
10804.203506179618
10800.528538307102
10798.064096075823
10798.064096075823
10798.064096075823
10798.064096075823
10798.064096075823
10798.064096075823
10798.064096075823
10798.064096075823
10798.064096075823
10795.50495889926
10795.50495889926
10795.50495889926
10795.47993430869
10793.799020459579
10792.396164224743
10782.335464039423
10782.335464039423
10777.97062823293
10777.97062823293
10777.97062823293
10777.97062823293
10777.475741719061
10774.96450362752
10764.357877546352
10761.902807924593
10761.902807924593
10761.902807924593
10761.902807924593
10749.421397978045
10749.421397978045
10749.421397978045
10732.786598299275
10732.786598299275
10722.642635263908
10722.642635263908
10722.642635263908
10722.642635263908
10718.087830745846
10714.863284096158
10714.863284096158
10712.245098700398
10712.245098700398
10712.245098700398
10712.245098700398
10689.70417080541
10686.359592671135
10677.200507343676
10663.558265690179
10663.481938379833
10658.30808650787
10658.30808650787
10658.078210708381
10649.854064987141
10649.854064987141
10649.854064987141
10646.73768126308
10646.73768126308
10646.73768126308
10646.73768126308
10639.947481626932
10639.840963286959
10635.766302941254
10619.810866622796
10610.089421021137
10610.089421021137
10610.089421021137
10610.089421021137
10610.089421021137
10610.089421021137
10610.089421021137
10610.089421021137
10610.089421021137
10609.141193387011
10609.141193387011
10595.539423945902
10595.539423945902
10589.360596184193
10589.360596184193
10589.360596184193
10588.552655404952
10588.552655404952
10586.079081749967
10586.079081749967
10586.079081749967
10586.079081749967
10582.993263701497
10563.13841236861
10559.237881764
10559.237881764
10559.237881764
10557.812122253354
10557.812122253354
10557.812122253354
10557.812122253354
10556.539247294984
10556.288746595303
10556.288746595303
10556.288746595303
10554.88586222941
10554.683212478478
10554.683212478478
10554.683212478478
10554.683212478478
10554.683212478478
10554.352624277893
10553.67260150085
10548.810030378776
10548.810030378776
10548.763519765009
10548.763519765009
10548.763519765009
10548.763519765009
10548.763519765009
10548.763519765009
10548.763519765009
10548.763519765009
10547.641859992149
10547.641859992149
10547.641859992149
10547.641859992149
10547.641859992149
10547.641859992149
10547.641859992149
10547.641859992149
10547.641859992149
10530.49696083328
10522.496056453154
10522.496056453154
10522.496056453154
10511.842408944942
10511.842408944942
10509.010342536869
10507.719972432686
10507.719972432686
10507.719972432686
10507.719972432686
10507.719972432686
10507.719972432686
10507.719972432686
10507.719972432686
10506.243506094394
10483.401462217069
10483.401462217069
10483.401462217069
10478.380314556991
10477.624298193154
10461.021357925538
10457.65552540473
10457.040965932027
10457.040965932027
10457.040965932027
10457.040965932027
10457.040965932027
10457.040965932027
10455.166205350533
10455.166205350533
10455.166205350533
10454.5559613307
10454.5559613307
10454.5559613307
10454.5559613307
10454.5559613307
10454.5559613307
10452.508108940894
10451.062968967564
10451.062968967564
10448.128393145107
10429.513947110958
10427.259421623605
10427.259421623605
10427.259421623605
10427.147066838757
10421.212727165801
10421.212727165801
10401.14135651519
10399.479707633454
10399.479707633454
10397.40856050836
10397.40856050836
10394.10558575622
10390.053888053248
10390.053888053248
10385.856375044674
10385.856375044674
10377.872943928305
10374.32131125985
10374.32131125985
10374.32131125985
10371.403530740317
10371.403530740317
10371.403530740317
10357.155520241125
10355.05378829053
10354.227377450363
10353.840790966608
10353.840790966608
10353.840790966608
10351.60572149751
10351.60572149751
10351.60572149751
10351.60572149751
10348.559077986434
10348.559077986434
10337.230086846144
10331.588821508607
10331.263970013048
10324.402796922664
10324.061884991486
10318.797592429728
10318.797592429728
10318.797592429728
10315.220348109367
10315.220348109367
10315.003360650535
10315.003360650535
10315.003360650535
10311.874354410804
10311.874354410804
10311.874354410804
10308.689648201733
10308.689648201733
10308.689648201733
10296.28796106315
10288.266547480205
10270.533373991908
10270.32833905728
10269.957024299536
10267.105416230737
10267.105416230737
10267.105416230737
10267.105416230737
10267.105416230737
10261.950401649301
10261.950401649301
10261.887188022782
10261.887188022782
10258.967862483734
10258.56105101115
10258.56105101115
10258.56105101115
10258.56105101115
10258.56105101115
10258.56105101115
10258.56105101115
10258.56105101115
10258.56105101115
10258.56105101115
10258.56105101115
10245.847060903103
10245.847060903103
10245.847060903103
10245.847060903103
10245.847060903103
10245.847060903103
10239.525469236685
10238.303770552224
10238.159718836574
10238.159718836574
10236.749110234588
10230.028820817917
10230.028820817917
10230.028820817917
10230.028820817917
10230.028820817917
10230.028820817917
10230.028820817917
10206.076390257096
10206.076390257096
10206.076390257096
10198.297737593919
10197.145593088093
10195.772014841072
10195.772014841072
10195.772014841072
10195.772014841072
10195.772014841072
10195.772014841072
10194.987123098444
10193.756954845472
10193.627212570133
10193.627212570133
10193.627212570133
10190.710786368581
10190.710786368581
10189.764761176093
10189.764761176093
10189.764761176093
10186.178153529712
10186.178153529712
10174.542982520292
10162.59605490859
10148.509420327844
10146.517332632264
10145.877419124205
10144.137843549666
10142.618677701672
10142.618677701672
10142.618677701672
10142.618677701672
10142.618677701672
10136.431575873381
10136.135089209469
10136.135089209469
10136.135089209469
10129.501555691379
10129.278737406792
10129.278737406792
10125.335519413598
10125.335519413598
10122.52559131489
10122.52559131489
10122.52559131489
10122.52559131489
10122.52559131489
10122.52559131489
10122.52559131489
10115.1367663996
10112.158574827541
10066.317606719209
10066.317606719209
10066.317606719209
10066.317606719209
10066.317606719209
10066.317606719209
10066.317606719209
10056.315961955368
10043.96138091886
10043.743259241573
10043.743259241573
10043.743259241573
10043.16122132529
10043.16122132529
10043.16122132529
10041.955527698654
10029.406109191628
10029.406109191628
10026.53630076069
10023.6558221638
10023.6558221638
10018.63541212049
10018.63541212049
10016.842656208697
10016.842656208697
10016.382631432356
10013.507209435005
10013.507209435005
10013.507209435005
10013.507209435005
10013.507209435005
10013.507209435005
10013.507209435005
10012.613543636084
10011.688582147386
10011.688582147386
10011.688582147386
10006.748562320943
10006.748562320943
10006.748562320943
10006.748562320943
10006.748562320943
10006.748562320943
10006.748562320943
10006.748562320943
10001.621563532533
10001.621563532533
10000.05226856711
10000.05226856711
10000.05226856711
9998.07601500556
9992.495882149036
9992.393238410586
9990.144533498853
9981.07299909921
9973.717493480155
9973.717493480155
9973.717493480155
9973.56696980268
9973.56696980268
9973.56696980268
9966.220762245872
9966.220762245872
9966.220762245872
9966.220762245872
9966.220762245872
9966.186695989089
9966.186695989089
9966.186695989089
9966.180238968565
9966.180238968565
9966.180238968565
9966.180238968565
9964.514005008366
9964.514005008366
9964.187678511136
9964.187678511136
9964.187678511136
9964.166070669273
9964.166070669273
9964.166070669273
9964.166070669273
9964.166070669273
9964.13264211997
9961.795134703007
9958.589997869205
9958.589997869205
9958.589997869205
9949.179827294398
9944.189567398123
9938.852039206013
9938.852039206013
9936.028417468477
9936.028417468477
9936.028417468477
9936.028417468477
9936.028417468477
9936.028417468477
9936.011144622817
9936.011144622817
9932.88433049904
9932.88433049904
9928.336405913076
9928.336405913076
9928.336405913076
9928.336405913076
9928.336405913076
9927.363984162857
9927.363984162857
9924.618757642353
9924.618757642353
9922.087610414415
9913.361468993904
9913.361468993904
9911.376799441694
9911.376799441694
9911.376799441694
9909.59633859073
9906.67286792221
9904.614629698308
9904.120658626713
9899.006392268844
9898.491788493508
9898.491788493508
9896.66166382306
9896.445748185928
9893.368266642334
9893.368266642334
9893.368266642334
9893.079061461896
9893.079061461896
9893.079061461896
9885.670890237327
9885.670890237327
9885.670890237327
9882.889766437671
9882.889766437671
9882.889766437671
9882.889766437671
9882.889766437671
9882.889766437671
9882.889766437671
9882.889766437671
9877.69572250374
9877.69572250374
9873.796905695015
9872.123447754333
9871.984093441015
9871.984093441015
9871.067323316425
9871.051234838778
9871.051234838778
9871.027499916341
9870.809654109105
9870.809654109105
9870.809654109105
9870.809654109105
9870.809654109105
9870.809654109105
9866.774168448554
9866.774168448554
9865.252884489631
9864.045809579737
9864.045809579737
9864.045809579737
9864.045809579737
9861.98162741207
9860.013854091823
9860.013854091823
9856.424861855226
9856.424209286775
9856.424209286775
9856.424209286775
9855.204607100699
9855.204607100699
9855.204607100699
9851.971185468556
9851.971185468556
9851.29853131041
9850.029299920448
9846.378548255552
9846.378548255552
9846.378548255552
9846.378548255552
9846.378548255552
9846.378548255552
9846.378548255552
9846.378548255552
9846.378548255552
9846.378548255552
9843.117273971367
9843.117273971367
9825.679258083768
9825.679258083768
9825.679258083768
9825.679258083768
9825.53009866836
9825.53009866836
9824.8832459952
9824.273135761234
9823.600379229436
9823.600379229436
9823.600379229436
9817.775451251719
9817.775451251719
9817.775451251719
9815.45351004445
9814.128956592947
9814.128956592947
9808.976986555102
9808.976986555102
9808.742038035756
9808.742038035756
9808.742038035756
9808.742038035756
9808.742038035756
9808.742038035756
9808.742038035756
9807.818935952013
9807.818935952013
9807.818935952013
9807.818935952013
9807.818935952013
9807.818935952013
9805.4000766952
9802.317522532318
9799.632385038773
9799.632385038773
9799.632385038773
9784.561879119434
9784.219108349602
9784.219108349602
9780.333795616662
9780.333795616662
9780.333795616662
9780.333795616662
9780.333795616662
9780.333795616662
9780.333795616662
9779.725458404002
9779.725458404002
9776.69366763335
9775.966443167676
9775.966443167676
9775.966443167676
9775.456891160446
9775.456891160446
9775.456891160446
9774.919049812921
9774.919049812921
9771.093708623828
9771.093708623828
9771.093708623828
9771.093708623828
9771.093708623828
9771.093708623828
9771.093708623828
9771.093708623828
9771.093708623828
9771.093708623828
9771.093708623828
9770.980723758941
9770.440594354423
9770.440594354423
9770.425972558814
9760.051017077143
9756.744855661313
9756.744855661313
9756.744855661313
9756.245603862228
9756.245603862228
9754.877281976025
9754.562724899679
9749.007965579081
9747.96042843058
9742.282321753122
9739.580861924478
9738.64059760878
9737.821547668202
9737.821547668202
9734.17623252709
9733.371295627048
9733.371295627048
9733.371295627048
9729.867026366897
9729.867026366897
9729.867026366897
9729.66747330517
9724.252593365398
9719.713222737471
9719.713222737471
9706.302648792947
9706.302648792947
9706.302648792947
9706.302648792947
9701.555683413455
9700.526585571735
9700.526585571735
9700.526585571735
9695.494340100704
9695.384845081739
9694.319379127732
9694.319379127732
9694.319379127732
9694.319379127732
9694.319379127732
9694.319379127732
9690.422153510886
9690.422153510886
9690.422153510886
9685.820210381782
9685.820210381782
9685.803472312442
9679.934117392146
9676.849939863308
9676.849939863308
9676.849939863308
9676.849939863308
9669.846680649309
9669.846680649309
9669.846680649309
9669.846680649309
9669.846680649309
9669.682700501819
9666.065928424725
9659.675461268129
9658.334989189761
9658.334989189761
9658.334989189761
9658.334989189761
9658.324937314412
9652.569903309868
9642.26073498403
9642.26073498403
9640.708336631253
9640.708336631253
9640.708336631253
9640.708336631253
9640.708336631253
9640.708336631253
9636.199765633468
9632.42976008531
9632.42976008531
9632.006725391378
9632.006725391378
9631.07528197447
9631.07528197447
9631.07528197447
9630.273132631763
9625.187522114566
9625.187522114566
9625.187522114566
9622.006961024217
9622.006961024217
9622.006961024217
9622.006961024217
9614.624707460716
9614.486180658761
9608.792097259147
9607.346142881936
9605.493415646524
9605.493415646524
9605.493415646524
9605.060184142421
9600.591807807568
9600.591807807568
9595.903816979824
9594.040392079452
9594.040392079452
9591.600336575515
9591.600336575515
9591.600336575515
9591.600336575515
9590.847335636581
9590.040066159117
9588.48436810006
9588.48436810006
9588.48436810006
9588.48436810006
9588.035154784067
9588.035154784067
9587.616715927054
9585.661259782712
9585.661259782712
9585.038320024474
9584.923116343989
9582.985483320057
9582.985483320057
9582.985483320057
9582.985483320057
9578.9030102652
9578.9030102652
9578.9030102652
9577.998350864067
9577.998350864067
9577.998350864067
9577.998350864067
9573.923681618091
9569.940793156613
9569.940793156613
9569.940793156613
9569.940793156613
9569.940793156613
9569.81248981099
9569.81248981099
9569.81248981099
9569.81248981099
9568.940600308506
9568.940600308506
9568.672134858873
9568.672134858873
9560.53980286017
9560.53980286017
9560.53980286017
9560.53980286017
9551.929783200483
9542.013372460995
9542.013372460995
9542.013372460995
9542.013372460995
9540.733882921799
9528.739969203998
9527.974966558322
9527.974966558322
9527.03605162929
9527.03605162929
9527.03605162929
9527.03605162929
9527.03605162929
9524.297123893295
9524.297123893295
9524.216715525661
9524.216715525661
9524.216715525661
9520.772722092766
9520.772722092766
9518.972881799988
9517.595427705526
9517.595427705526
9516.620204923518
9516.620204923518
9516.620204923518
9516.620204923518
9515.382804998222
9515.382804998222
9515.382804998222
9515.064422243904
9515.064422243904
9515.064422243904
9515.064422243904
9515.064422243904
9515.064422243904
9515.064422243904
9515.064422243904
9515.064422243904
9515.064422243904
9515.064422243904
9509.74619034302
9509.275003821665
9508.30667992295
9508.30667992295
9508.30667992295
9506.162850307224
9493.753712401938
9480.735504482434
9480.735504482434
9480.735504482434
9470.927064808104
9470.927064808104
9470.927064808104
9470.927064808104
9470.864188799871
9470.366599448897
9469.96847451794
9469.96847451794
9469.96847451794
9469.96847451794
9467.147588399208
9466.284671047511
9466.284671047511
9466.284671047511
9466.284671047511
9466.284671047511
9466.284671047511
9466.284671047511
9466.284671047511
9457.87343614075
9457.87343614075
9457.87343614075
9457.87343614075
9457.87343614075
9457.87343614075
9439.943920337433
9439.943920337433
9439.943920337433
9439.943920337433
9439.943920337433
9439.943920337433
9439.943920337433
9439.678380564097
9439.329488041878
9439.329488041878
9439.07450053
9437.13846006391
9437.13846006391
9437.13846006391
9437.13846006391
9434.740977120207
9433.463289241467
9433.463289241467
9433.463289241467
9433.463289241467
9433.463289241467
9430.166359909917
9430.166359909917
9430.166359909917
9429.529242540117
9428.254390229753
9428.254390229753
9428.254390229753
9428.254390229753
9427.700722814407
9426.342323540419
9426.342323540419
9426.342323540419
9426.342323540419
9425.82397731126
9425.82397731126
9425.82397731126
9425.82397731126
9425.82397731126
9425.82397731126
9425.82397731126
9425.82397731126
9425.374262036943
9425.370799902259
9423.951316344548
9423.951316344548
9423.693377884023
9423.693377884023
9423.693377884023
9423.693377884023
9423.693377884023
9423.693377884023
9423.693377884023
9415.88059956874
9415.88059956874
9415.192068431435
9415.192068431435
9413.73698025339
9413.73698025339
9413.73698025339
9413.73698025339
9413.73698025339
9413.73698025339
9413.73698025339
9413.73698025339
9413.73698025339
9411.432007038611
9411.432007038611
9411.432007038611
9396.183860691903
9396.183860691903
9395.364623598223
9395.364623598223
9395.309569901323
9391.48752640448
9391.48752640448
9391.48752640448
9391.48752640448
9391.155864332588
9391.155864332588
9389.732012086148
9389.732012086148
9389.732012086148
9389.64856869077
9389.391840784248
9389.391840784248
9389.391840784248
9387.325167641779
9387.325167641779
9387.325167641779
9387.325167641779
9386.789517765932
9384.458728929718
9384.458728929718
9383.952434511388
9381.934330676306
9381.722256995492
9381.722256995492
9381.722256995492
9381.722256995492
9381.17782002406
9381.17782002406
9381.163603686924
9377.259517392933
9377.259517392933
9377.259517392933
9377.259517392933
9377.259517392933
9377.259517392933
9377.259517392933
9377.259517392933
9377.259517392933
9371.786513724375
9371.786513724375
9371.786513724375
9371.786513724375
9371.786513724375
9371.786513724375
9371.786513724375
9370.782503274895
9370.782503274895
9367.545865050395
9367.545865050395
9367.545865050395
9367.545865050395
9367.47227949188
9365.479130266109
9365.479130266109
9359.596077544289
9359.596077544289
9358.971072731689
9358.971072731689
9344.734828696963
9344.734828696963
9344.734828696963
9344.734828696963
9341.400021006606
9340.91267452272
9340.013511761905
9340.013511761905
9340.013511761905
9340.013511761905
9336.244451982375
9336.244451982375
9336.244451982375
9336.189788710133
9335.141827389958
9335.141827389958
9335.141827389958
9335.141827389958
9335.141827389958
9335.141827389958
9335.141827389958
9335.141827389958
9335.141827389958
9335.141827389958
9335.141827389958
9332.455341830053
9332.455341830053
9331.213480584105
9331.213480584105
9330.79741040813
9330.79741040813
9330.536670315738
9330.536670315738
9328.823425924782
9328.823425924782
9328.823425924782
9328.823425924782
9328.485144128555
9328.485144128555
9328.485144128555
9327.859432192648
9327.859432192648
9327.859432192648
9326.861217751077
9326.802481179853
9326.802481179853
9326.802481179853
9326.802481179853
9326.802481179853
9326.588001180198
9326.588001180198
9326.588001180198
9326.588001180198
9326.588001180198
9326.588001180198
9326.588001180198
9326.588001180198
9326.588001180198
9323.460799211352
9323.460799211352
9323.460799211352
9323.460799211352
9323.460799211352
9319.071155696894
9319.071155696894
9319.071155696894
9319.071155696894
9319.071155696894
9319.048903262124
9319.048903262124
9319.048903262124
9319.048903262124
9319.048903262124
9319.048903262124
9319.048903262124
9317.64892496156
9317.647618756982
9317.647618756982
9316.630134874447
9316.630134874447
9315.104004045663
9315.104004045663
9314.85516353053
9314.85516353053
9314.85516353053
9314.689036750318
9314.689036750318
9314.689036750318
9314.689036750318
9314.536047421236
9308.95113431258
9306.399453272197
9306.399453272197
9306.399453272197
9306.399453272197
9306.399453272197
9306.399453272197
9306.399453272197
9305.782007362503
9305.782007362503
9305.782007362503
9305.782007362503
9305.388391871767
9305.388391871767
9305.388391871767
9305.388391871767
9305.388391871767
9305.388391871767
9305.388391871767
9305.388391871767
9305.388391871767
9305.388391871767
9305.388391871767
9305.388391871767
9305.388391871767
9304.313477513131
9304.313477513131
9304.313477513131
9304.313477513131
9303.55784751755
9298.21248751022
9298.21248751022
9298.21248751022
9298.21248751022
9298.21248751022
9297.384156576543
9297.384156576543
9297.384156576543
9295.735605330414
9295.735605330414
9294.28965061983
9268.428814220972
9268.428814220972
9268.428814220972
9268.428814220972
9268.428814220972
9263.071986584568
9263.071986584568
9263.071986584568
9248.655184691595
9247.373095504141
9247.373095504141
9247.373095504141
9247.37062209896
9247.37062209896
9247.37062209896
9247.37062209896
9247.37062209896
9247.37062209896
9247.37062209896
9247.37062209896
9247.37062209896
9247.009325347924
9247.009325347924
9247.009325347924
9242.69097841725
9242.69097841725
9240.55616025839
9240.55616025839
9240.55616025839
9240.55616025839
9240.55616025839
9240.55616025839
9237.23543704511
9237.23543704511
9237.23543704511
9237.23543704511
9237.203874453928
9236.084578979286
9236.084578979286
9236.084578979286
9236.084578979286
9236.084578979286
9236.084578979286
9236.084578979286
9236.084578979286
9236.084578979286
9236.084578979286
9236.084578979286
9236.084578979286
9236.084578979286
9236.005710278665
9236.005710278665
9236.005710278665
9236.005710278665
9236.005710278665
9236.005710278665
9236.005710278665
9235.018080660926
9234.185494858712
9231.544997624802
9230.964097161579
9230.964097161579
9230.964097161579
9230.964097161579
9228.110913286626
9227.738676273728
9227.738676273728
9227.738676273728
9223.522990732836
9223.522990732836
9222.9769150895
9222.9769150895
9222.9769150895
9222.9769150895
9222.9769150895
9222.9769150895
9222.9769150895
9221.559909553262
9221.559909553262
9220.048232564677
9220.048232564677
9220.048232564677
9220.048232564677
9220.048232564677
9220.048232564677
9219.890136013131
9219.699406161588
9218.606636601316
9218.606636601316
9218.606636601316
9218.606636601316
9218.606636601316
9218.606636601316
9218.606636601316
9218.606636601316
9218.606636601316
9218.606636601316
9216.124735835952
9216.124735835952
9216.124735835952
9216.044982099744
9216.044982099744
9216.044982099744
9216.044982099744
9215.985702964943
9215.985702964943
9215.985702964943
9215.985702964943
9215.985702964943
9211.351771815744
9211.351771815744
9211.351771815744
9211.212857475579
9211.212857475579
9211.212857475579
9211.212857475579
9211.212857475579
9211.212857475579
9209.76980663216
9209.76980663216
9209.76980663216
9209.76980663216
9209.76980663216
9209.76980663216
9209.76980663216
9209.76980663216
9206.99616364171
9206.99616364171
9206.99616364171
9204.674938562039
9204.674938562039
9204.674938562039
9204.674938562039
9200.731341189412
9200.731341189412
9200.731341189412
9200.731341189412
9200.731341189412
9198.086605402827
9198.086605402827
9197.745816858234
9190.381582450864
9180.594492398279
9180.373431211641
9180.373431211641
9180.27149383469
9180.27149383469
9180.27149383469
9180.27149383469
9180.27149383469
9179.48618630579
9179.48618630579
9179.48618630579
9179.48618630579
9179.48618630579
9179.347104193377
9179.347104193377
9179.347104193377
9177.539522349613
9176.858423604479
9176.858423604479
9165.45757470751
9165.45757470751
9165.45757470751
9165.45757470751
9165.45757470751
9165.45757470751
9165.45757470751
9165.45757470751
9153.508326076306
9153.508326076306
9152.138710350388
9152.138710350388
9152.138710350388
9152.138710350388
9152.081598279523
9152.081598279523
9152.081598279523
9152.081598279523
9152.081598279523
9152.081598279523
9152.081598279523
9152.081598279523
9151.557139047465
9151.557139047465
9151.557139047465
9151.557139047465
9151.557139047465
9149.796063270134
9149.796063270134
9149.796063270134
9149.796063270134
9149.796063270134
9147.41671926647
9145.722198959445
9145.722198959445
9145.722198959445
9145.722198959445
9145.722198959445
9145.722198959445
9134.868427624786
9134.868427624786
9134.868427624786
9134.868427624786
9134.868427624786
9134.868427624786
9134.868427624786
9134.868427624786
9134.868427624786
9134.868427624786
9134.53378214658
9134.53378214658
9127.965979313209
9127.965979313209
9126.422492619673
9122.443810647546
9122.443810647546
9122.443810647546
9122.443810647546
9122.443810647546
9122.443810647546
9122.443810647546
9122.443810647546
9122.443810647546
9122.402188080256
9122.402188080256
9120.13151363618
9120.13151363618
9120.13151363618
9120.13151363618
9120.13151363618
9120.13151363618
9120.114395148532
9120.114395148532
9117.517800077549
9117.517800077549
9113.843462799658
9113.843462799658
9104.540830014159
9104.540830014159
9104.540830014159
9104.540830014159
9104.540830014159
9101.562684057011
9101.418095695197
9101.418095695197
9101.418095695197
9101.150602904518
9101.150602904518
9101.150602904518
9100.774090679179
9100.774090679179
9100.774090679179
9100.774090679179
9100.774090679179
9097.630824657237
9097.630824657237
9097.630824657237
9097.630824657237
9097.630824657237
9097.630824657237
9097.630824657237
9097.630824657237
9097.630824657237
9097.630824657237
9097.630824657237
9097.630824657237
9097.630824657237
9097.630824657237
9097.630824657237
9097.630824657237
9097.630824657237
9097.630824657237
9096.926902808194
9094.372104982227
9094.372104982227
9094.372104982227
9094.372104982227
9094.348123435693
9094.348123435693
9094.348123435693
9094.348123435693
9094.348123435693
9094.348123435693
9094.348123435693
9094.348123435693
9094.348123435693
9094.348123435693
9094.348123435693
9093.173756872584
9093.008860930617
9093.008860930617
9089.564106966849
9087.144616060272
9087.144616060272
9087.144616060272
9085.733467916933
9085.733467916933
9084.006320382041
9084.006320382041
9084.006320382041
9084.006320382041
9084.006320382041
9084.006320382041
9081.10828405349
9081.10828405349
9081.10828405349
9081.10828405349
9079.690496059491
9079.690496059491
9079.690496059491
9079.57819401927
9079.57819401927
9079.57819401927
9078.410202565903
9078.410202565903
9075.936257096768
9075.936257096768
9073.759417876663
9073.759417876663
9071.043973038182
9071.043973038182
9071.043973038182
9069.857820772775
9069.857820772775
9069.857820772775
9069.857820772775
9069.857820772775
9069.857820772775
9069.857820772775
9069.857820772775
9069.857820772775
9069.857820772775
9069.857820772775
9069.857820772775
9069.857820772775
9069.857820772775
9069.475491569192
9069.475491569192
9069.475491569192
9069.475491569192
9069.475491569192
9069.475491569192
9069.475491569192
9069.40481584029
9069.401155589474
9069.401155589474
9069.401155589474
9069.401155589474
9069.401155589474
9069.401155589474
9069.401155589474
9069.401155589474
9069.401155589474
9068.358804341791
9068.03692430917
9066.643006041986
9066.643006041986
9066.643006041986
9066.643006041986
9063.215740094773
9063.215740094773
9063.215740094773
9063.215740094773
9063.215740094773
9062.325250558366
9062.325250558366
9062.253392617167
9062.253392617167
9057.111179064203
9051.977526129003
9051.977526129003
9051.977526129003
9051.977526129003
9051.977526129003
9051.977526129003
9049.133048906187
9049.133048906187
9049.133048906187
9049.133048906187
9049.133048906187
9049.133048906187
9049.133048906187
9047.44937639675
9047.44937639675
9047.44937639675
9047.44937639675
9046.686510188618
9046.686510188618
9042.33340287657
9042.33340287657
9042.33340287657
9042.33340287657
9039.676123337136
9039.676123337136
9039.676123337136
9039.676123337136
9039.676123337136
9039.676123337136
9039.676123337136
9039.676123337136
9039.676123337136
9039.676123337136
9039.676123337136
9038.493570335944
9038.493570335944
9036.399475189242
9033.243858587315
9033.243858587315
9033.243858587315
9033.243858587315
9033.243858587315
9025.63492801242
9025.63492801242
9025.476333339042
9025.476333339042
9025.475393137658
9024.37120074669
9021.02883355281
9019.595259682384
9019.595259682384
9019.595259682384
9019.595259682384
9019.595259682384
9019.595259682384
9019.595259682384
9019.595259682384
9019.595259682384
9019.595259682384
9019.595259682384
9012.407210874147
9012.407210874147
9012.407210874147
9012.407210874147
9012.407210874147
9012.407210874147
9012.407210874147
9012.407210874147
9012.407210874147
9012.407210874147
9012.407210874147
9012.407210874147
9012.407210874147
9012.407210874147
9010.653907845104
9010.644248615748
9010.644248615748
9010.644248615748
9010.644248615748
9010.644248615748
9010.644248615748
9010.567552920316
9004.838019454945
9002.927965725816
9002.927965725816
9002.927965725816
9001.065708975608
9001.065708975608
9001.065708975608
9001.065708975608
9001.065708975608
8998.02944151332
8998.02944151332
8998.02944151332
8998.02944151332
8998.02944151332
8998.02944151332
8998.02944151332
8998.02944151332
8998.02944151332
8997.520730870237
8997.440169652838
8997.440169652838
8997.440169652838
8997.440169652838
8997.440169652838
8997.440169652838
8997.440169652838
8997.440169652838
8997.440169652838
8997.440169652838
8997.440169652838
8997.440169652838
8997.440169652838
8997.440169652838
8997.293185516686
8997.293185516686
8997.293185516686
8997.293185516686
8997.293185516686
8997.293185516686
8997.293185516686
8997.293185516686
8997.293185516686
8997.293185516686
8997.293185516686
8983.897914707886
8983.897914707886
8983.834243731428
8983.834243731428
8983.834243731428
8983.834243731428
8983.834243731428
8983.834243731428
8975.86151514228
8975.243573658427
8975.243573658427
8975.062667480095
8975.062667480095
8975.062667480095
8975.062667480095
8975.062667480095
8975.062667480095
8975.062667480095
8975.062667480095
8975.062667480095
8975.062667480095
8974.079533375916
8974.079533375916
8974.079533375916
8973.948450007292
8973.948450007292
8972.04997392017
8972.04997392017
8972.04997392017
8972.04997392017
8972.04997392017
8972.04997392017
8972.04997392017
8972.04997392017
8972.04997392017
8972.04997392017
8972.04997392017
8972.04997392017
8972.04997392017
8972.04997392017
8972.04997392017
8972.000219848613
8971.459220054227
8970.355068521541
8970.355068521541
8970.355068521541
8970.355068521541
8965.789308654086
8965.789308654086
8965.789308654086
8965.789308654086
8964.598234776811
8964.598234776811
8964.598234776811
8964.598234776811
8964.598234776811
8964.598234776811
8964.482976975925
8964.482976975925
8964.482976975925
8960.630218527212
8960.630218527212
8960.630218527212
8960.630218527212
8960.630218527212
8960.630218527212
8960.630218527212
8960.630218527212
8960.630218527212
8960.630218527212
8958.431574324515
8958.431574324515
8958.431574324515
8958.431574324515
8958.300245068733
8958.300245068733
8958.300245068733
8958.300245068733
8956.171929556565
8956.171929556565
8956.171929556565
8956.171929556565
8955.803742358008
8955.803742358008
8955.803742358008
8955.803742358008
8955.73666338441
8955.73666338441
8955.73666338441
8955.59365777691
8955.59365777691
8955.59365777691
8955.59365777691
8955.59365777691
8948.320450922241
8948.320450922241
8948.320450922241
8948.239084008532
8948.239084008532
8948.239084008532
8948.239084008532
8948.239084008532
8948.239084008532
8947.893964202187
8947.893964202187
8935.831730449927
8935.831730449927
8935.831730449927
8935.831730449927
8935.831730449927
8935.831730449927
8935.831730449927
8935.831730449927
8935.831730449927
8935.473133776368
8935.473133776368
8935.473133776368
8931.502362858566
8931.434331376719
8931.434331376719
8931.434331376719
8897.592578906537
8897.592578906537
8897.592578906537
8897.592578906537
8897.592578906537
8897.592578906537
8897.592578906537
8897.592578906537
8897.592578906537
8897.592578906537
8897.592578906537
8897.592578906537
8896.00647890441
8896.00647890441
8896.00647890441
8896.00647890441
8896.00647890441
8896.00647890441
8896.00647890441
8896.00647890441
8896.00647890441
8896.00647890441
8896.00647890441
8896.00647890441
8896.00647890441
8896.00647890441
8895.293107343537
8894.219591593182
8894.219591593182
8894.219591593182
8894.219591593182
8894.219591593182
8894.219591593182
8894.219591593182
8894.219591593182
8894.219591593182
8894.219591593182
8891.36633324935
8891.36633324935
8891.36633324935
8891.36633324935
8891.36633324935
8891.36633324935
8891.36633324935
8889.894353423731
8889.894353423731
8889.894353423731
8886.43398682319
8886.056369331773
8884.60496692635
8884.60496692635
8884.60496692635
8884.60496692635
8884.60496692635
8884.60496692635
8884.60496692635
8884.60496692635
8884.60496692635
8884.60496692635
8884.60496692635
8884.60496692635
8884.60496692635
8884.60496692635
8884.60496692635
8884.60496692635
8884.60496692635
8884.60496692635
8884.60496692635
8877.205926353714
8875.09488515325
8875.09488515325
8875.09488515325
8875.09488515325
8875.09488515325
8875.09488515325
8875.09488515325
8875.09488515325
8875.09488515325
8875.09488515325
8875.09488515325
8875.09488515325
8875.09488515325
8875.09488515325
8875.09488515325
8875.09488515325
8875.09488515325
8875.09488515325
8875.09488515325
8875.09488515325
8875.09488515325
8873.921850999646
8873.921850999646
8873.921850999646
8873.921850999646
8873.921850999646
8873.921850999646
8873.921850999646
8873.921850999646
8873.921850999646
8873.921850999646
8868.940825426602
8868.940825426602
8868.940825426602
8868.940825426602
8867.873861801214
8867.873861801214
8867.873861801214
8867.873861801214
8867.873861801214
8867.873861801214
8867.873861801214
8867.873861801214
8867.734411820267
8867.734411820267
8867.734411820267
8860.885522982499
8860.885522982499
8860.885522982499
8860.885522982499
8860.885522982499
8860.885522982499
8860.885522982499
8860.885522982499
8860.155847261278
8860.155847261278
8860.155847261278
8860.155847261278
8860.155847261278
8859.760243139648
8857.04694340754
8857.04694340754
8857.04694340754
8857.04694340754
8853.661576216598
8853.492450454625
8853.492450454625
8853.492450454625
8853.492450454625
8853.158997669745
8853.158997669745
8853.158997669745
8853.158997669745
8853.158997669745
8853.158997669745
8853.158997669745
8853.158997669745
8853.158997669745
8853.158997669745
8853.0282793402
8853.0282793402
8853.0282793402
8853.0282793402
8853.0282793402
8853.0282793402
8853.0282793402
8853.0282793402
8852.81760427593
8852.81760427593
8852.81760427593
8852.81760427593
8852.81760427593
8852.81760427593
8852.81760427593
8852.208294399603
8852.208294399603
8852.208294399603
8852.208294399603
8851.804195437231
8851.804195437231
8851.804195437231
8851.804195437231
8851.804195437231
8850.148938222375
8850.148938222375
8850.148938222375
8850.148938222375
8850.148938222375
8850.148938222375
8850.148938222375
8847.767193862968
8847.767193862968
8847.767193862968
8847.767193862968
8847.767193862968
8847.767193862968
8847.767193862968
8845.447949676256
8845.447949676256
8844.120765181411
8844.120765181411
8844.120737868383
8844.120737868383
8844.120737868383
8844.120737868383
8843.749907775134
8843.3838485243
8842.684415066531
8842.684415066531
8842.684415066531
8842.684415066531
8842.684415066531
8842.684415066531
8842.684415066531
8842.684415066531
8842.684415066531
8842.311241757887
8842.311241757887
8842.311241757887
8842.311241757887
8842.311241757887
8842.311241757887
8842.311241757887
8842.311241757887
8842.311241757887
8842.311241757887
8842.311241757887
8842.311241757887
8842.311241757887
8842.311241757887
8842.311241757887
8842.311241757887
8842.311241757887
8842.311241757887
8842.311241757887
8842.311241757887
8842.311241757887
8842.311241757887
8842.311241757887
8842.311241757887
8842.311241757887
8842.311241757887
8842.311241757887
8842.311241757887
8842.311241757887
8842.311241757887
8842.311241757887
8842.311241757887
8842.246833649806
8842.246833649806
8842.246833649806
8842.246833649806
8842.246833649806
8839.937482368787
8839.937482368787
8839.517718518877
8839.517718518877
8839.517718518877
8839.517718518877
8839.517718518877
8839.517718518877
8839.517718518877
8839.517718518877
8839.47517107874
8839.47517107874
8839.47517107874
8839.47517107874
8839.47517107874
8839.47517107874
8839.47517107874
8839.47517107874
8839.47517107874
8839.47517107874
8839.47517107874
8839.47517107874
8839.47517107874
8839.47517107874
8839.47517107874
8839.47517107874
8839.47517107874
8839.47517107874
8834.759826748854
8834.759826748854
8834.759826748854
8834.759826748854
8833.11255000944
8833.11255000944
8833.11255000944
8833.11255000944
8833.11255000944
8822.411471060595
8821.825852164657
8821.825852164657
8821.825852164657
8821.825852164657
8821.820515387551
8821.820515387551
8821.820515387551
8821.820515387551
8821.820515387551
8821.820515387551
8821.820515387551
8821.820515387551
8820.414794337841
8820.414794337841
8820.414794337841
8820.414794337841
8820.414794337841
8819.971659003115
8819.971659003115
8818.724526449616
8818.724526449616
8818.724526449616
8817.952493744771
8807.948596285418
8805.322024215133
8805.322024215133
8805.322024215133
8805.135862081888
8805.135862081888
8805.135862081888
8805.135862081888
8805.135862081888
8805.135862081888
8805.135862081888
8805.135862081888
8805.135862081888
8805.135862081888
8805.135862081888
8805.135862081888
8805.135862081888
8805.135862081888
8805.135862081888
8805.135862081888
8805.135862081888
8805.135862081888
8804.974443023304
8804.974443023304
8804.974443023304
8804.974443023304
8804.974443023304
8804.974443023304
8804.974443023304
8804.974443023304
8804.974443023304
8804.974443023304
8803.671881254735
8803.671881254735
8803.671881254735
8803.671881254735
8803.671881254735
8803.671881254735
8803.671881254735
8803.671881254735
8803.671881254735
8803.671881254735
8803.409054679372
8803.409054679372
8803.409054679372
8803.409054679372
8803.409054679372
8803.409054679372
8803.409054679372
8803.409054679372
8803.409054679372
8803.409054679372
8803.409054679372
8803.409054679372
8803.207443482266
8803.207443482266
8803.207443482266
8803.207443482266
8803.207443482266
8803.207443482266
8803.207443482266
8802.065049327128
8802.065049327128
8802.065049327128
8802.065049327128
8802.065049327128
8755.499037102682
8755.499037102682
8755.499037102682
8755.499037102682
8754.61617998586
8754.61617998586
8754.61617998586
8754.61617998586
8754.61617998586
8754.61617998586
8754.61617998586
8754.61617998586
8754.61617998586
8754.383143629197
8754.383143629197
8752.489443306815
8752.489443306815
8752.489443306815
8751.953979436952
8751.953979436952
8751.953979436952
8751.953979436952
8751.913922871574
8751.913922871574
8751.913922871574
8751.913922871574
8751.913922871574
8751.913922871574
8751.913922871574
8751.815049684708
8751.815049684708
8751.815049684708
8751.815049684708
8751.815049684708
8750.98274338428
8750.98274338428
8750.98274338428
8750.98274338428
8750.98274338428
8750.98274338428
8750.98274338428
8750.98274338428
8750.98274338428
8750.98274338428
8750.98274338428
8750.98274338428
8750.98274338428
8750.98274338428
8750.98274338428
8750.98274338428
8750.98274338428
8750.98274338428
8750.98274338428
8750.98274338428
8750.98274338428
8750.98274338428
8750.98274338428
8750.98274338428
8750.98274338428
8750.98274338428
8750.98274338428
8750.98274338428
8750.98274338428
8750.98274338428
8750.98274338428
8750.98274338428
8750.98274338428
8750.98274338428
8750.98274338428
8750.98274338428
8750.98274338428
8750.98274338428
8749.912986564083
8749.912986564083
8749.912986564083
8749.912986564083
8749.912986564083
8749.912986564083
8749.912986564083
8749.912986564083
8749.912986564083
8749.912986564083
8749.912986564083
8749.912986564083
8748.008944850288
8747.490619101583
8747.490619101583
8747.490619101583
8747.490619101583
8747.490619101583
8747.490619101583
8747.490619101583
8747.369315548922
8747.369315548922
8747.369315548922
8747.369315548922
8747.369315548922
8747.140679152859
8747.140679152859
8747.140679152859
8747.140679152859
8745.96716699221
8745.96716699221
8745.96716699221
8745.96716699221
8745.315805507644
8745.315805507644
8745.315805507644
8745.315805507644
8745.315805507644
8745.315805507644
8745.315805507644
8745.315805507644
8745.315805507644
8744.726467924622
8744.726467924622
8744.726467924622
8744.726467924622
8744.726467924622
8744.726467924622
8744.726467924622
8744.726467924622
8744.726467924622
8744.726467924622
8744.726467924622
8744.726467924622
8741.194885940738
8741.194885940738
8741.194885940738
8741.194885940738
8741.194885940738
8737.532880644303
8737.532880644303
8737.532880644303
8737.532880644303
8737.532880644303
8737.532880644303
8737.260250453273
8737.046664207048
8725.071828189566
8725.071828189566
8725.071828189566
8725.071828189566
8725.071828189566
8725.071828189566
8725.071828189566
8725.071828189566
8725.071828189566
8725.071828189566
8725.071828189566
8725.071828189566
8725.071828189566
8725.071828189566
8722.033241156989
8722.033241156989
8722.033241156989
8722.033241156989
8722.033241156989
8722.033241156989
8722.033241156989
8722.033241156989
8722.033241156989
8722.033241156989
8722.033241156989
8722.033241156989
8722.033241156989
8719.77305807766
8719.77305807766
8719.77305807766
8719.77305807766
8719.77305807766
8719.77305807766
8719.77305807766
8719.77305807766
8719.77305807766
8719.77305807766
8719.376364570857
8719.376364570857
8719.376364570857
8719.376364570857
8719.376364570857
8719.376364570857
8719.376364570857
8719.376364570857
8719.376364570857
8719.376364570857
8719.376364570857
8719.376364570857
8719.376364570857
8719.376364570857
8717.083221594861
8717.083221594861
8717.083221594861
8715.778850834295
8715.778850834295
8715.778850834295
8715.778850834295
8715.778850834295
8715.778850834295
8715.778850834295
8715.778850834295
8715.778850834295
8715.778850834295
8715.778850834295
8715.778850834295
8715.778850834295
8715.778850834295
8715.778850834295
8715.778850834295
8715.220421393838
8714.638812265266
8714.487057757333
8714.487057757333
8714.487057757333
8714.487057757333
8714.487057757333
8714.487057757333
8713.71522474805
8713.71522474805
8713.71522474805
8713.71522474805
8713.71522474805
8713.71522474805
8713.71522474805
8713.71522474805
8713.71522474805
8713.71522474805
8713.71522474805
8713.71522474805
8713.71522474805
8713.71522474805
8713.71522474805
8713.512989898505
8713.241700594057
8713.241700594057
8713.241700594057
8713.241700594057
8713.241700594057
8713.241700594057
8713.241700594057
8713.241700594057
8713.241700594057
8709.515105135777
8709.515105135777
8709.515105135777
8709.515105135777
8709.515105135777
8709.515105135777
8709.515105135777
8709.515105135777
8709.390733945396
8709.390733945396
8709.390733945396
8709.390733945396
8709.390733945396
8709.390733945396
8709.390733945396
8709.390733945396
8708.591888576448
8708.449482862468
8708.449482862468
8708.449482862468
8708.449482862468
8708.449482862468
8708.449482862468
8708.449482862468
8708.449482862468
8708.449482862468
8708.449482862468
8708.449482862468
8708.449482862468
8708.449482862468
8708.449482862468
8708.449482862468
8708.449482862468
8708.449482862468
8708.449482862468
8708.449482862468
8708.449482862468
8708.449482862468
8708.449482862468
8708.449482862468
8708.449482862468
8708.449482862468
8707.299518573693
8707.299518573693
8707.299518573693
8707.299518573693
8707.299518573693
8707.299518573693
8707.299518573693
8707.299518573693
8707.299518573693
8707.299518573693
8707.299518573693
8707.299518573693
8707.299518573693
8707.299518573693
8707.299518573693
8707.155988199436
8707.155988199436
8707.155988199436
8707.155988199436
8707.155988199436
8707.155988199436
8707.155988199436
8707.155988199436
8707.155988199436
8707.155988199436
8707.155988199436
8707.155988199436
8707.155988199436
8701.289391846582
8701.289391846582
8701.289391846582
8696.42294517115
8696.42294517115
8696.42294517115
8696.42294517115
8696.42294517115
8696.42294517115
8696.42294517115
8696.42294517115
8696.42294517115
8696.42294517115
8696.42294517115
8690.26595005985
8690.26595005985
8690.26595005985
8690.26595005985
8690.26595005985
8690.26595005985
8690.26595005985
8690.26595005985
8690.26595005985
8690.26595005985
8690.26595005985
8686.192155257326
8686.192155257326
8686.192155257326
8686.192155257326
8686.192155257326
8686.192155257326
8686.192155257326
8686.192155257326
8686.192155257326
8686.06657029589
8686.06657029589
8686.06657029589
8683.536507978582
8683.536507978582
8683.290852316708
8682.901969922497
8681.582373861114
8681.582373861114
8680.746432224189
8680.746432224189
8680.746432224189
8680.654746910244
8679.597029120641
8679.597029120641
8679.597029120641
8679.597029120641
8678.614694437068
8678.614694437068
8678.614694437068
8678.614694437068
8678.614694437068
8678.328274455906
8678.328274455906
8678.328274455906
8678.328274455906
8676.853857953056
8676.853857953056
8676.853857953056
8676.853857953056
8676.853857953056
8676.853857953056
8676.853857953056
8676.853857953056
8676.853857953056
8676.853857953056
8676.853857953056
8676.853857953056
8676.853857953056
8676.853857953056
8676.853857953056
8675.930366190003
8675.930366190003
8675.930366190003
8675.930366190003
8675.930366190003
8675.930366190003
8675.930366190003
8675.930366190003
8675.930366190003
8675.930366190003
8675.930366190003
8675.930366190003
8675.326909834755
8675.326909834755
8675.326909834755
8675.326909834755
8675.326909834755
8675.326909834755
8675.326909834755
8675.326909834755
8675.326909834755
8675.326909834755
8675.326909834755
8675.326909834755
8671.858069475935
8671.858069475935
8671.858069475935
8671.858069475935
8671.858069475935
8671.858069475935
8671.858069475935
8671.858069475935
8671.858069475935
8671.858069475935
8670.426066583199
8670.426066583199
8670.36652608329
8668.384439140711
8665.853174625869
8665.853174625869
8665.853174625869
8664.186206552164
8664.186206552164
8664.186206552164
8664.186206552164
8664.186206552164
8663.553290777705
8663.553290777705
8663.553290777705
8660.188539584811
8660.18606617963
8658.467755178872
8658.467755178872
8658.467755178872
8658.467755178872
8658.467755178872
8658.467755178872
8658.467755178872
8658.467755178872
8658.467755178872
8658.467755178872
8655.648907769746
8655.648907769746
8655.648907769746
8655.648907769746
8655.648907769746
8655.648907769746
8655.648907769746
8655.648907769746
8655.648907769746
8655.648907769746
8655.648907769746
8655.648907769746
8655.648907769746
8655.648907769746
8655.62324119678
8655.62324119678
8654.610308839592
8654.610308839592
8654.610308839592
8654.610308839592
8654.610308839592
8654.610308839592
8654.610308839592
8654.610308839592
8654.610308839592
8653.5447373172
8653.378433228401
8653.378433228401
8653.378433228401
8653.378433228401
8653.378433228401
8653.378433228401
8653.378433228401
8653.378433228401
8653.378433228401
8653.378433228401
8653.378433228401
8653.378433228401
8653.378433228401
8653.378433228401
8653.378433228401
8652.569348243871
8652.569348243871
8652.569348243871
8651.70789801881
8650.87534942827
8650.87534942827
8649.923117284934
8649.923117284934
8649.401171417117
8649.401171417117
8649.401171417117
8649.401171417117
8649.401171417117
8649.401171417117
8649.401171417117
8649.066851476227
8648.754941604517
8648.754941604517
8648.754941604517
8648.21718013119
8648.21718013119
8648.21718013119
8648.11123490648
8648.11123490648
8648.11123490648
8648.11123490648
8648.11123490648
8648.11123490648
8648.11123490648
8648.11123490648
8646.18590421761
8641.20002190374
8641.20002190374
8641.20002190374
8641.20002190374
8641.20002190374
8641.20002190374
8641.20002190374
8641.20002190374
8641.20002190374
8641.20002190374
8641.20002190374
8641.20002190374
8641.20002190374
8641.20002190374
8641.20002190374
8641.20002190374
8641.20002190374
8641.20002190374
8641.20002190374
8641.20002190374
8641.20002190374
8641.20002190374
8640.983873777148
8640.484697333619
8640.484697333619
8640.484697333619
8640.484697333619
8640.484697333619
8640.484697333619
8640.484697333619
8640.484697333619
8640.484697333619
8640.484697333619
8640.484697333619
8640.484697333619
8640.484697333619
8640.484697333619
8640.484697333619
8640.484697333619
8640.484697333619
8640.484697333619
8640.484697333619
8615.411019743557
8615.411019743557
8615.411019743557
8615.193866821697
8615.193866821697
8615.193866821697
8615.193866821697
8615.193866821697
8615.193866821697
8615.193866821697
8615.193866821697
8614.847171873258
8614.847171873258
8614.847171873258
8614.847171873258
8614.847171873258
8614.847171873258
8614.847171873258
8614.847171873258
8614.847171873258
8614.847171873258
8614.847171873258
8614.847171873258
8614.847171873258
8614.847171873258
8614.847171873258
8614.847171873258
8614.847171873258
8614.847171873258
8614.847171873258
8614.847171873258
8614.847171873258
8614.847171873258
8614.847171873258
8614.566322062798
8614.566322062798
8611.123772911575
8611.123772911575
8611.123772911575
8611.123772911575
8611.123772911575
8611.123772911575
8610.753859970384
8610.753859970384
8610.037933506126
8610.037933506126
8610.037933506126
8610.037933506126
8610.037933506126
8610.037933506126
8608.499351319142
8608.499351319142
8608.499351319142
8608.499351319142
8598.902921036468
8598.902921036468
8598.902921036468
8598.902921036468
8598.902921036468
8598.902921036468
8598.902921036468
8598.563978901399
8598.563978901399
8598.563978901399
8598.263612166767
8598.263612166767
8598.263612166767
8598.263612166767
8598.263612166767
8598.263612166767
8598.263612166767
8598.263612166767
8598.263612166767
8598.263612166767
8598.263612166767
8598.263612166767
8598.263612166767
8598.263612166767
8598.263612166767
8598.263612166767
8598.263612166767
8598.263612166767
8598.263612166767
8598.263612166767
8598.263612166767
8598.263612166767
8598.263612166767
8598.263612166767
8598.263612166767
8598.263612166767
8598.263612166767
8598.263612166767
8598.263612166767
8597.983741620128
8597.983741620128
8597.983741620128
8597.983741620128
8596.310265472464
8596.196197884421
8596.196197884421
8596.196197884421
8592.970905950786
8592.970905950786
8592.970905950786
8592.970905950786
8592.970905950786
8592.970905950786
8592.970905950786
8592.970905950786
8592.970905950786
8592.970905950786
8592.970905950786
8592.970905950786
8592.94140395536
8582.966412734093
8582.966412734093
8582.966412734093
8581.635713521866
8572.98575584083
8572.98575584083
8572.98575584083
8572.98575584083
8572.98575584083
8572.98575584083
8572.98575584083
8571.61914209168
8571.61914209168
8571.61914209168
8571.61914209168
8571.61914209168
8568.203108590558
8568.203108590558
8568.203108590558
8568.203108590558
8568.203108590558
8568.203108590558
8568.203108590558
8568.203108590558
8568.203108590558
8568.203108590558
8568.203108590558
8568.203108590558
8568.203108590558
8568.203108590558
8568.203108590558
8568.203108590558
8568.203108590558
8568.203108590558
8568.203108590558
8568.203108590558
8568.203108590558
8568.203108590558
8568.085452798266
8568.085452798266
8568.085452798266
8568.085452798266
8568.085452798266
8568.085452798266
8568.085452798266
8568.085452798266
8568.085452798266
8568.085452798266
8568.085452798266
8566.453286033622
8566.453286033622
8566.453286033622
8566.453286033622
8566.453286033622
8566.453286033622
8566.453286033622
8566.453286033622
8566.453286033622
8566.453286033622
8563.20847947842
8562.778779981965
8562.778779981965
8562.778779981965
8562.778779981965
8562.778779981965
8562.778779981965
8562.778779981965
8562.778779981965
8562.778779981965
8562.778779981965
8562.778779981965
8562.778779981965
8562.778779981965
8562.778779981965
8562.778779981965
8562.778779981965
8562.778779981965
8562.778779981965
8562.778779981965
8562.778779981965
8562.778779981965
8562.778779981965
8562.778779981965
8562.778779981965
8562.778779981965
8562.778779981965
8562.778779981965
8562.778779981965
8562.778779981965
8562.778779981965
8562.778779981965
8562.778779981965
8562.778779981965
8562.778779981965
8562.778779981965
8562.778779981965
8562.778779981965
8562.778779981965
8562.778779981965
8562.778779981965
8562.778779981965
8562.778779981965
8562.778779981965
8562.778779981965
8562.778779981965
8562.778779981965
8562.72063858551
8561.531756384777
8561.531756384777
8561.531756384777
8561.531756384777
8559.811093048265
8559.811093048265
8559.811093048265
8559.811093048265
8559.811093048265
8559.811093048265
8559.708486199035
8559.708486199035
8559.708486199035
8559.708486199035
8559.708486199035
8559.708486199035
8559.708486199035
8559.708486199035
8559.708486199035
8556.437962820635
8555.332821359774
8555.332821359774
8555.332821359774
8555.332821359774
8555.332821359774
8555.18668327495
8555.18668327495
8555.18668327495
8555.18668327495
8555.18668327495
8552.865422687993
8552.865422687993
8552.865422687993
8552.865422687993
8552.865422687993
8552.865422687993
8552.865422687993
8552.865422687993
8552.865422687993
8552.704370934402
8552.704370934402
8552.704370934402
8552.704370934402
8552.704370934402
8552.704370934402
8552.704370934402
8552.704370934402
8552.704370934402
8552.704370934402
8550.753900807309
8550.753900807309
8550.753900807309
8550.753900807309
8550.753900807309
8546.384596981636
8546.384596981636
8546.384596981636
8546.384596981636
8546.384596981636
8546.384596981636
8546.384596981636
8546.384596981636
8546.384596981636
8546.384596981636
8545.913996170948
8545.913996170948
8545.913996170948
8545.913996170948
8545.913996170948
8545.913996170948
8545.913996170948
8545.913996170948
8545.913996170948
8545.913996170948
8545.913996170948
8545.913996170948
8545.913996170948
8545.913996170948
8545.913996170948
8545.913996170948
8545.913996170948
8530.280480901343
8529.950423131055
8526.183764654837
8524.304835160056
8524.304835160056
8522.932173083816
8522.932173083816
8522.932173083816
8522.932173083816
8522.932173083816
8522.932173083816
8522.932173083816
8522.932173083816
8522.932173083816
8522.932173083816
8522.932173083816
8522.932173083816
8522.585842443777
8522.585842443777
8522.585842443777
8522.585842443777
8522.585842443777
8522.585842443777
8521.93977291569
8521.605388473014
8521.605388473014
8521.605388473014
8521.605388473014
8513.690965509277
8513.690965509277
8513.690965509277
8513.690965509277
8513.690965509277
8513.690965509277
8513.690965509277
8513.3548001389
8512.55229669789
8512.55229669789
8512.55229669789
8512.55229669789
8512.55229669789
8512.55229669789
8510.327812617477
8510.327812617477
8510.327812617477
8508.297940863067
8508.297940863067
8508.297940863067
8504.369479654719
8504.00812937325
8504.00812937325
8504.00812937325
8504.00812937325
8504.00812937325
8504.00812937325
8504.00812937325
8504.00812937325
8504.00812937325
8504.00812937325
8504.00812937325
8503.634506744344
8503.634506744344
8503.634506744344
8503.634506744344
8503.634506744344
8503.634506744344
8503.634506744344
8503.634506744344
8503.634506744344
8503.634506744344
8503.634506744344
8503.079466005083
8503.079466005083
8503.079466005083
8503.079466005083
8503.079466005083
8503.079466005083
8503.079466005083
8503.079466005083
8503.079466005083
8503.079466005083
8503.079466005083
8503.079466005083
8503.079466005083
8503.079466005083
8502.254071239498
8502.254071239498
8502.254071239498
8502.254071239498
8502.254071239498
8502.254071239498
8502.254071239498
8502.254071239498
8502.254071239498
8502.254071239498
8502.254071239498
8502.254071239498
8502.254071239498
8502.254071239498
8502.254071239498
8502.254071239498
8502.254071239498
8502.254071239498
8502.254071239498
8502.254071239498
8502.254071239498
8502.254071239498
8502.254071239498
8502.254071239498
8502.254071239498
8502.254071239498
8502.254071239498
8502.254071239498
8502.254071239498
8502.254071239498
8502.254071239498
8502.254071239498
8502.254071239498
8502.254071239498
8496.255207071874
8496.255207071874
8496.255207071874
8496.255207071874
8496.255207071874
8496.255207071874
8496.255207071874
8496.255207071874
8496.255207071874
8496.255207071874
8487.774374805584
8487.774374805584
8487.774374805584
8487.774374805584
8487.774374805584
8487.774374805584
8487.774374805584
8487.774374805584
8487.774374805584
8487.774374805584
8487.461086036197
8483.821467752283
8483.821467752283
8483.821467752283
8483.821467752283
8483.821467752283
8483.258118454976
8483.258118454976
8483.258118454976
8483.258118454976
8483.258118454976
8483.258118454976
8483.258118454976
8483.258118454976
8483.258118454976
8483.258118454976
8483.258118454976
8483.258118454976
8480.370698138735
8480.370698138735
8480.370698138735
8478.026087216313
8478.026087216313
8475.353654658375
8475.291418254934
8475.20613367821
8471.193642590451
8471.038478220964
8469.977828247003
8469.977828247003
8469.977828247003
8469.977828247003
8469.977828247003
8469.977828247003
8469.977828247003
8469.977828247003
8469.977828247003
8469.977828247003
8469.977828247003
8469.654185141286
8469.654185141286
8469.654185141286
8469.654185141286
8469.654185141286
8469.654185141286
8469.654185141286
8469.654185141286
8469.654185141286
8469.654185141286
8468.854381486108
8468.854381486108
8468.854381486108
8468.854381486108
8468.854381486108
8468.854381486108
8468.854381486108
8468.854381486108
8468.854381486108
8468.854381486108
8468.854381486108
8468.854381486108
8468.854381486108
8468.854381486108
8468.854381486108
8468.854381486108
8468.854381486108
8468.854381486108
8468.854381486108
8468.854381486108
8468.854381486108
8468.854381486108
8468.854381486108
8467.227001396503
8463.137839467525
8463.137839467525
8463.137839467525
8463.137839467525
8463.137839467525
8463.137839467525
8463.137839467525
8463.137839467525
8463.137839467525
8463.137839467525
8462.621359825942
8462.621359825942
8462.621359825942
8462.586143346001
8462.586143346001
8456.643465847523
8456.643465847523
8456.643465847523
8456.643465847523
8456.643465847523
8456.643465847523
8456.643465847523
8456.643465847523
8456.643465847523
8456.643465847523
8456.643465847523
8456.643465847523
8456.643465847523
8456.643465847523
8456.643465847523
8456.643465847523
8456.643465847523
8456.643465847523
8456.643465847523
8456.643465847523
8456.643465847523
8456.643465847523
8456.643465847523
8456.643465847523
8456.643465847523
8456.643465847523
8456.643465847523
8456.643465847523
8456.643465847523
8456.035777162322
8456.035777162322
8456.035777162322
8456.035777162322
8456.035777162322
8456.035777162322
8456.035777162322
8456.035777162322
8456.035777162322
8456.035777162322
8456.035777162322
8456.035777162322
8456.035777162322
8456.035777162322
8456.035777162322
8455.755445769662
8455.755445769662
8455.755445769662
8455.755445769662
8455.755445769662
8455.755445769662
8455.755445769662
8455.755445769662
8455.755445769662
8455.755445769662
8455.755445769662
8455.755445769662
8455.755445769662
8455.755445769662
8454.240403322583
8454.240403322583
8454.240403322583
8454.240403322583
8454.240403322583
8454.240403322583
8454.240403322583
8454.240403322583
8453.950493090304
8453.950493090304
8453.950493090304
8453.950493090304
8453.950493090304
8453.950493090304
8453.950493090304
8453.950493090304
8453.950493090304
8449.030423871416
8449.030423871416
8449.030423871416
8449.030423871416
8449.030423871416
8449.030423871416
8449.030423871416
8449.030423871416
8449.030423871416
8449.030423871416
8449.030423871416
8449.030423871416
8449.030423871416
8449.030423871416
8449.030423871416
8449.030423871416
8449.030423871416
8449.030423871416
8449.030423871416
8449.030423871416
8449.030423871416
8449.030423871416
8449.030423871416
8449.030423871416
8449.030423871416
8449.030423871416
8449.030423871416
8449.030423871416
8449.030423871416
8449.030423871416
8449.030423871416
8449.030423871416
8449.030423871416
8449.030423871416
8449.030423871416
8449.030423871416
8449.030423871416
8449.030423871416
8449.030423871416
8449.030423871416
8449.030423871416
8449.030423871416
8449.030423871416
8447.533303323675
8447.533303323675
8447.533303323675
8447.533303323675
8447.533303323675
8447.533303323675
8446.717619434787
8446.717619434787
8446.717619434787
8446.717619434787
8446.717619434787
8446.717619434787
8446.717619434787
8446.717619434787
8446.717619434787
8446.717619434787
8446.717619434787
8446.717619434787
8446.649514081319
8445.057536385313
8445.057536385313
8445.057536385313
8445.03578091586
8445.03578091586
8445.03578091586
8445.03578091586
8445.03578091586
8445.03578091586
8445.03578091586
8445.03578091586
8445.03578091586
8445.03578091586
8445.03578091586
8441.604696949944
8441.604696949944
8441.604696949944
8441.604696949944
8441.604696949944
8440.694656737673
8440.694656737673
8440.694656737673
8440.694656737673
8440.694656737673
8438.471552557492
8438.471552557492
8438.471552557492
8438.471552557492
8438.471552557492
8438.471552557492
8438.471552557492
8438.471552557492
8438.471552557492
8438.471552557492
8438.471552557492
8438.471552557492
8438.471552557492
8438.471552557492
8438.471552557492
8435.96548331677
8435.96548331677
8435.96548331677
8435.96548331677
8435.96548331677
8435.96548331677
8435.96548331677
8435.96548331677
8435.96548331677
8435.96548331677
8435.96548331677
8435.96548331677
8435.96548331677
8435.96548331677
8435.96548331677
8435.96548331677
8435.96548331677
8435.96548331677
8435.96548331677
8435.96548331677
8435.96548331677
8435.106519835674
8435.106519835674
8435.106519835674
8435.106519835674
8434.88819457181
8434.88819457181
8434.88819457181
8434.88819457181
8434.88819457181
8434.88819457181
8434.801341572906
8434.801341572906
8434.801341572906
8434.801341572906
8434.801341572906
8434.801341572906
8433.78334518668
8433.78334518668
8433.78334518668
8433.78334518668
8433.78334518668
8433.78334518668
8433.78334518668
8433.78334518668
8433.78334518668
8433.78334518668
8433.78334518668
8433.78334518668
8433.78334518668
8433.78334518668
8433.78334518668
8433.78334518668
8433.78334518668
8433.78334518668
8433.78334518668
8433.78334518668
8433.78334518668
8433.78334518668
8433.183463186808
8433.173677497121
8433.173677497121
8433.173677497121
8433.173677497121
8433.173677497121
8433.157892466415
8433.157892466415
8433.157892466415
8433.157892466415
8433.157892466415
8433.157892466415
8433.157892466415
8433.157892466415
8433.157892466415
8433.157892466415
8433.157892466415
8433.157892466415
8433.157892466415
8429.00615657269
8429.00615657269
8428.877453222798
8428.877453222798
8428.877453222798
8428.877453222798
8428.877453222798
8428.877453222798
8428.877453222798
8428.877453222798
8428.877453222798
8428.877453222798
8428.877453222798
8428.166952464793
8428.166952464793
8428.166952464793
8428.166952464793
8428.166952464793
8428.166952464793
8428.166952464793
8425.092063560443
8425.092063560443
8425.092063560443
8425.092063560443
8425.092063560443
8425.092063560443
8425.092063560443
8425.092063560443
8425.092063560443
8425.092063560443
8425.092063560443
8425.092063560443
8425.092063560443
8425.092063560443
8425.092063560443
8425.092063560443
8425.092063560443
8425.092063560443
8425.092063560443
8425.092063560443
8425.092063560443
8425.092063560443
8425.092063560443
8425.092063560443
8425.092063560443
8425.092063560443
8425.092063560443
8425.092063560443
8425.092063560443
8425.092063560443
8425.092063560443
8425.092063560443
8425.092063560443
8425.092063560443
8424.120892635046
8424.120892635046
8424.120892635046
8424.120892635046
8424.120892635046
8424.120892635046
8424.120892635046
8424.120892635046
8424.120892635046
8424.120892635046
8424.120892635046
8424.120892635046
8424.120892635046
8424.120892635046
8424.120892635046
8424.120892635046
8424.120892635046
8424.120892635046
8424.120892635046
8424.120892635046
8424.120892635046
8424.120892635046
8424.120892635046
8424.120892635046
8424.120892635046
8424.120892635046
8424.120892635046
8424.120892635046
8422.694282983199
8422.694282983199
8422.694282983199
8422.694282983199
8422.694282983199
8422.694282983199
8422.694282983199
8422.694282983199
8422.694282983199
8422.694282983199
8422.694282983199
8422.694282983199
8422.694282983199
8422.694282983199
8422.694282983199
8422.694282983199
8422.694282983199
8422.694282983199
8422.694282983199
8422.694282983199
8422.694282983199
8422.694282983199
8421.530715585774
8421.530715585774
8421.530715585774
8421.530715585774
8421.530715585774
8421.530715585774
8421.530715585774
8421.527395792576
8421.527395792576
8421.527395792576
8421.527395792576
8421.527395792576
8421.527395792576
8421.527395792576
8420.904257194878
8420.904257194878
8418.10127939469
8418.10127939469
8418.10127939469
8418.10127939469
8418.10127939469
8418.10127939469
8418.10127939469
8418.096494063964
8418.096494063964
8418.096494063964
8418.096494063964
8418.096494063964
8418.096494063964
8418.096494063964
8418.096494063964
8418.096494063964
8417.663704229519
8417.663704229519
8417.663704229519
8416.84699333549
8416.84699333549
8416.84699333549
8416.84699333549
8416.84699333549
8416.84699333549
8416.84699333549
8416.84699333549
8416.84699333549
8416.84699333549
8416.84699333549
8416.84699333549
8416.84699333549
8416.040326662185
8414.20299880322
8414.20299880322
8414.20299880322
8414.20299880322
8414.20299880322
8414.20299880322
8414.20299880322
8414.20299880322
8414.20299880322
8413.59661533556
8413.59661533556
8413.59661533556
8413.59661533556
8413.59661533556
8413.59661533556
8413.592312233173
8413.592312233173
8413.592312233173
8405.671801568977
8405.671801568977
8405.671801568977
8405.671801568977
8405.671801568977
8405.671801568977
8405.671801568977
8405.671801568977
8405.671801568977
8404.960255321153
8404.960255321153
8404.960255321153
8404.960255321153
8404.960255321153
8404.960255321153
8404.960255321153
8404.960255321153
8404.960255321153
8404.960255321153
8404.414028842377
8404.414028842377
8404.414028842377
8403.1524944635
8403.1524944635
8403.1524944635
8403.1524944635
8403.1524944635
8403.1524944635
8403.1524944635
8403.1524944635
8403.1524944635
8403.1524944635
8403.1524944635
8403.1524944635
8403.1524944635
8403.1524944635
8403.1524944635
8403.1524944635
8403.1524944635
8403.1524944635
8403.1524944635
8403.1524944635
8403.1524944635
8403.1524944635
8403.1524944635
8403.1524944635
8402.447250092873
8402.447250092873
8402.447250092873
8402.447250092873
8402.447250092873
8402.447250092873
8402.447250092873
8402.447250092873
8402.447250092873
8402.447250092873
8402.447250092873
8402.447250092873
8402.34483461836
8402.34483461836
8402.34483461836
8402.34483461836
8402.34483461836
8402.34483461836
8402.34483461836
8402.34483461836
8402.34483461836
8402.34483461836
8402.34483461836
8402.34483461836
8402.34483461836
8402.34483461836
8402.34483461836
8402.34483461836
8402.34483461836
8402.34483461836
8402.34483461836
8402.34483461836
8402.34483461836
8402.34483461836
8402.34483461836
8402.34483461836
8402.34483461836
8402.34483461836
8402.34483461836
8402.34483461836
8402.34483461836
8402.34483461836
8402.34483461836
8402.34483461836
8402.34483461836
8402.34483461836
8401.632870839527
8401.632870839527
8401.632870839527
8401.632870839527
8401.592763829614
8401.553422479481
8401.553422479481
8401.553422479481
8401.553422479481
8401.553422479481
8401.553422479481
8401.553422479481
8401.553422479481
8401.553422479481
8401.553422479481
8401.553422479481
8401.553422479481
8401.553422479481
8401.553422479481
8400.383212994839
8400.383212994839
8400.383212994839
8400.383212994839
8400.383212994839
8400.383212994839
8400.383212994839
8400.383212994839
8400.383212994839
8400.383212994839
8400.383212994839
8400.383212994839
8400.383212994839
8400.383212994839
8400.383212994839
8400.383212994839
8400.383212994839
8400.383212994839
8400.383212994839
8400.383212994839
8400.383212994839
8400.383212994839
8400.383212994839
8400.383212994839
8400.383212994839
8400.383212994839
8400.383212994839
8399.96835756793
8399.96835756793
8399.96835756793
8399.96835756793
8399.96835756793
8399.775627200746
8399.775627200746
8399.775627200746
8399.775627200746
8399.775627200746
8399.775627200746
8399.775627200746
8399.775627200746
8399.775627200746
8399.775627200746
8399.775627200746
8399.775627200746
8399.775627200746
8399.60822160748
8399.60822160748
8399.60822160748
8399.60822160748
8399.60822160748
8399.60822160748
8399.60822160748
8399.60822160748
8399.60822160748
8399.60822160748
8399.60822160748
8399.60822160748
8399.60822160748
8399.60822160748
8399.60822160748
8399.60822160748
8399.60822160748
8397.723313791717
8397.723313791717
8397.723313791717
8397.723313791717
8397.723313791717
8397.723313791717
8397.723313791717
8397.723313791717
8397.723313791717
8397.723313791717
8397.723313791717
8397.723313791717
8397.723313791717
8397.723313791717
8397.402993769007
8397.402993769007
8397.402993769007
8397.402993769007
8397.402993769007
8397.402993769007
8397.402993769007
8397.402993769007
8397.402993769007
8397.402993769007
8397.402993769007
8397.402993769007
8397.002437007088
8397.002437007088
8397.002437007088
8397.002437007088
8397.002437007088
8396.783190532253
8396.783190532253
8396.783190532253
8396.783190532253
8396.783190532253
8396.783190532253
8396.783190532253
8396.783190532253
8396.783190532253
8396.783190532253
8396.783190532253
8396.783190532253
8396.783190532253
8396.783190532253
8396.783190532253
8394.253976008626
8394.253976008626
8394.253976008626
8394.253976008626
8394.253976008626
8394.253976008626
8394.253976008626
8394.253976008626
8394.253976008626
8394.253976008626
8394.253976008626
8394.253976008626
8392.580300026084
8392.580300026084
8392.580300026084
8392.260070966424
8392.260070966424
8392.260070966424
8392.260070966424
8391.188739917698
8390.009320250887
8390.009320250887
8390.009320250887
8390.009320250887
8389.375712691854
8389.375712691854
8389.375712691854
8389.375712691854
8389.375712691854
8389.375712691854
8389.375712691854
8385.835481331014
8385.835481331014
8385.835481331014
8385.835481331014
8385.835481331014
8385.835481331014
8385.835481331014
8385.835481331014
8385.835481331014
8385.835481331014
8385.798969991889
8385.798969991889
8385.798969991889
8385.798969991889
8385.798969991889
8385.58001032996
8385.325641092477
8385.325641092477
8385.325641092477
8385.325641092477
8385.325641092477
8385.325641092477
8385.325641092477
8385.325641092477
8385.325641092477
8385.325641092477
8385.325641092477
8385.325641092477
8385.325641092477
8385.325641092477
8385.325641092477
8385.325641092477
8385.325641092477
8383.145912553822
8383.145912553822
8383.145912553822
8383.145912553822
8383.145912553822
8383.145912553822
8383.145912553822
8383.145912553822
8383.145912553822
8383.145912553822
8383.145912553822
8383.145912553822
8383.145912553822
8383.145912553822
8383.145912553822
8381.829427852266
8381.829427852266
8381.829427852266
8381.829427852266
8381.829427852266
8381.829427852266
8381.362598723554
8378.58469676631
8378.58469676631
8378.58469676631
8378.58469676631
8378.58469676631
8378.58469676631
8378.58469676631
8378.58469676631
8378.58469676631
8378.58469676631
8378.58469676631
8378.58469676631
8378.58469676631
8378.58469676631
8378.58469676631
8378.58469676631
8378.58469676631
8378.58469676631
8378.58469676631
8378.58469676631
8378.100460124533
8378.100460124533
8378.100460124533
8378.100460124533
8378.100460124533
8378.100460124533
8378.100460124533
8378.100460124533
8378.100460124533
8378.100460124533
8378.100460124533
8377.686318689503
8377.686318689503
8377.686318689503
8377.686318689503
8377.686318689503
8377.686318689503
8377.686318689503
8377.686318689503
8377.686318689503
8377.686318689503
8377.686318689503
8375.799250751943
8375.799250751943
8375.799250751943
8375.799250751943
8375.799250751943
8375.799250751943
8375.799250751943
8375.799250751943
8375.796143461026
8374.466762173388
8374.466762173388
8374.466762173388
8374.466762173388
8374.466762173388
8373.835367913509
8373.835367913509
8373.835367913509
8373.835367913509
8373.835367913509
8373.835367913509
8373.835367913509
8373.835367913509
8373.835367913509
8373.835367913509
8373.835367913509
8373.835367913509
8373.646913728171
8373.646913728171
8373.646913728171
8364.21655234441
8364.21655234441
8364.21655234441
8364.21655234441
8364.21655234441
8364.21655234441
8364.21655234441
8364.21655234441
8364.21655234441
8354.512796322164
8354.512796322164
8354.512796322164
8354.512796322164
8354.512796322164
8354.512796322164
8354.512796322164
8354.512796322164
8354.512796322164
8354.512796322164
8354.512796322164
8354.512796322164
8354.512796322164
8354.512796322164
8354.512796322164
8337.563779503636
8337.563779503636
8337.563779503636
8337.563779503636
8337.563779503636
8337.563779503636
8337.563779503636
8337.563779503636
8337.563779503636
8337.563779503636
8337.48492036076
8337.453807468813
8337.453807468813
8337.453807468813
8337.453807468813
8337.453807468813
8337.085594364373
8337.085594364373
8337.085594364373
8337.085594364373
8336.962581580028
8336.962581580028
8336.962581580028
8336.962581580028
8336.962581580028
8336.842036532527
8336.842036532527
8336.842036532527
8336.842036532527
8336.842036532527
8336.842036532527
8336.842036532527
8336.228512868875
8336.228512868875
8336.228512868875
8336.228512868875
8336.228512868875
8336.228512868875
8336.228512868875
8336.228512868875
8336.228512868875
8336.228512868875
8336.228512868875
8332.245738294077
8332.245738294077
8332.245738294077
8332.245738294077
8332.245738294077
8332.245738294077
8332.245738294077
8332.245738294077
8332.245738294077
8332.245738294077
8332.245738294077
8332.245738294077
8332.245738294077
8332.245738294077
8332.245738294077
8332.245738294077
8332.245738294077
8332.245738294077
8332.245738294077
8332.245738294077
8332.245738294077
8332.245738294077
8332.245738294077
8332.245738294077
8332.245738294077
8332.245738294077
8332.245738294077
8332.245738294077
8332.245738294077
8332.245738294077
8332.245738294077
8332.245738294077
8332.245738294077
8332.245738294077
8332.245738294077
8332.245738294077
8332.245738294077
8332.245738294077
8332.245738294077
8332.245738294077
8332.245738294077
8332.245738294077
8332.245738294077
8332.245738294077
