src\com\TSP\gr666.tsp
pop_size 100
gen 5000
px 0.7
pm 0.7
tour_size 5
55264.28624411895
54915.60191692259
54734.01213637259
54293.824230062324
53844.44465075176
53599.12825142589
53014.33619732481
52703.67086149882
52313.793129265396
52132.839698675016
51862.97602703634
51646.57122296648
51432.31458463459
51232.44189768925
51034.73181003329
50848.148885660434
50679.24918934001
50456.9441351222
50094.43080032765
49845.533253803755
49676.776393262706
49552.88871146928
49301.55818817873
49080.19363569155
48830.376203732325
48573.87821765254
48271.53953613736
48076.067081695066
47779.290099855105
47564.667992579525
47377.20506682402
47157.88405677181
46963.615527442256
46783.88740119414
46572.162940090726
46325.61990536527
46205.32163348209
45929.680783747375
45717.31084962608
45529.62033966294
45323.029825389036
45197.34481211163
44999.837049009155
44836.59374432518
44649.2880797338
44455.14197237654
44274.2584013788
44077.3949808451
43916.28665561418
43833.60053887297
43657.997363834926
43435.84916831591
43395.54236319959
43302.6968893396
43148.962322932304
42945.67989848912
42756.84920957904
42679.27891880193
42404.33902919353
42249.92335164837
42116.8805125483
41913.83457284788
41725.14049574578
41617.89885650679
41490.140169501894
41275.70133688302
41071.61000863655
40930.05014840743
40731.80246794113
40593.261886177745
40457.020269400164
40189.33209196185
40062.371394145266
39897.77761048352
39791.88444000671
39708.58254949184
39453.08355519305
39369.06770369956
39213.45686384377
39041.86892829415
39003.752225889555
38884.524900965975
38788.21218295738
38692.98401763741
38518.79756900906
38392.80526397776
38286.10067143071
38208.815062228154
38112.04504014979
37962.38278420819
37871.51967121108
37671.809598087144
37431.32873917081
37335.170362813384
37187.356858011
37064.80379286277
37006.43967605479
36894.56237488605
36712.594670486076
36609.03712320693
36556.784148331535
36486.810099231116
36458.55377766598
36332.11070463745
36274.06167289011
36222.12565578172
36117.721542804364
35986.7834550866
35863.80842152161
35672.93657170783
35520.03206764362
35372.13157234109
35236.845158984666
35126.58337079569
34992.04852046658
34931.20361720717
34866.561834443026
34748.15635298086
34646.71839883506
34525.27837635617
34451.47609103422
34360.170754642924
34213.38424271184
34155.67950162147
34105.549505392984
33991.27154441398
33943.85498613291
33886.810905094
33816.97280069177
33766.84937421782
33712.18733606329
33650.343447777195
33589.44993635215
33507.983025805486
33399.46928490604
33343.6515332473
33298.53779697075
33223.71175039993
33104.654403700515
33045.094680565904
32996.605557869596
32955.401759457585
32911.68611325274
32828.964342054314
32779.8400590721
32685.763050397254
32599.741587382356
32504.347211934335
32390.804459652278
32347.468157462627
32258.65630274089
32089.655034251355
31998.50940067904
31806.437477789274
31753.667928795647
31671.53169695671
31647.30712430237
31546.2702289411
31505.840165715028
31461.618951508008
31250.849132876083
31199.709294110955
31114.15419336331
31041.47327702839
30988.481681070873
30938.470290191333
30872.672583168474
30821.558746459323
30764.5730349475
30683.317025507054
30578.661518072007
30546.57489570717
30482.141308082384
30406.092847600652
30363.89618012849
30318.44341066815
30246.059923086294
30188.773645249585
30142.386842082302
30078.336811657126
30057.740723699408
29965.263677707855
29929.359552420883
29899.35788678263
29832.030113530593
29772.60287839528
29723.68260867987
29674.310885770705
29633.30375538789
29596.826433104732
29565.09567614999
29510.385084544298
29476.510118830698
29449.36820419767
29321.178901208725
29266.99922908758
29225.705833397362
29197.91538580035
29187.564541339358
29135.698095132826
29089.03063464208
29039.708057449094
28977.402193936396
28930.175688334333
28865.613750961573
28843.261291907496
28805.164546910906
28736.82804336869
28662.68936174533
28648.951543492363
28599.55959788087
28485.227049251735
28427.689767432734
28359.791436629042
28289.947291851902
28274.32145193108
28251.148326299917
28209.576579280452
28192.993996549485
28097.096915046717
28018.911090574908
27950.7474737049
27900.10852985967
27845.104687473544
27825.86658727033
27800.965255779553
27783.856090341367
27771.10148986645
27699.772202199147
27645.87166932813
27586.08202022328
27551.30067505277
27440.144003620197
27364.219940034334
27337.048517712075
27307.027079603515
27262.356247825734
27207.81448320866
27191.309439294684
27157.181456096903
27123.089255791136
27078.286267552583
27042.34643942738
26966.401483910045
26863.115247541416
26825.163282737583
26803.05684509828
26779.459540206393
26730.22713859627
26713.48246148996
26683.233991850026
26649.296229302174
26609.32596784904
26575.40130253774
26539.51257754589
26524.12221265038
26493.439814441375
26468.744924857438
26437.665573670445
26405.359920409257
26375.157839049567
26287.08200446131
26248.051016805188
26194.530830041364
26131.61119477059
26094.990891435515
26077.355715144982
26075.451917471048
26057.77698198459
26041.24898328371
26002.514599372043
25988.826050375486
25988.519612893448
25959.939782182955
25927.327318641954
25883.034292176337
25852.115801879925
25838.992128247002
25826.425356884058
25782.259934331552
25749.510151987826
25715.06809407548
25640.991971455955
25635.740213493296
25605.693609419755
25560.366129304814
25515.692956819727
25487.235275638337
25452.263803131227
25452.263803131227
25436.009326297528
25409.802766667846
25409.79518169818
25347.151973620214
25321.34112492071
25298.031251160446
25274.76036739571
25239.799597802743
25210.168348534313
25180.86758629474
25165.214905009507
25138.43735324969
25138.43735324969
25126.2562943392
25087.611204534285
25070.676932661263
25063.757135084714
25027.87827452877
25010.508465697047
24989.747255836948
24979.436871705362
24941.372890255923
24918.662922284257
24884.261174924828
24853.526383617464
24812.90956683521
24783.845385149085
24766.583780273548
24757.884163372728
24747.417667212867
24747.417667212867
24723.291367423273
24689.325368510777
24665.907931186237
24659.156687136114
24650.44226998687
24638.512057285086
24602.30225994277
24546.620340226054
24489.553984654583
24455.315805727387
24395.3057341917
24365.84170211656
24344.7050925331
24334.160640063754
24327.224211374658
24313.02510647048
24277.027014802363
24257.007584210965
24235.46121311149
24221.175591848354
24210.814406310197
24194.025859938756
24180.70624969446
24157.673253808145
24133.33021737074
24100.838079285582
24082.05776728809
24032.743086969178
24022.445206189583
23995.675200197977
23961.683694566484
23950.755132778602
23939.48633053142
23932.468787007354
23921.62833926137
23910.410468760667
23895.14968369984
23851.806260326324
23848.335313175674
23808.49566292698
23784.17589980607
23768.641318923495
23757.33635776254
23741.02315838537
23725.631235812474
23720.390490519472
23678.195331777555
23608.011137458936
23603.555690350266
23556.997227805678
23480.349381622098
23434.130810850642
23411.62011605491
23404.218477592487
23384.57322595378
23361.746015722398
23347.702855479343
23326.7348978708
23312.338990023
23289.247587800724
23286.494014914322
23235.5955500548
23213.054673230392
23197.63552404299
23164.841804052652
23140.63088603058
23107.903263360437
23101.180703630987
23077.60731280935
23055.604374853225
23047.267658403438
23040.968099221547
23001.489548762813
22995.904210304918
22981.917141105536
22955.871349251764
22909.896577633623
22904.815004641277
22892.929113051727
22888.341266173757
22870.06611738183
22855.765656143143
22810.82769514236
22805.737005066017
22791.2591498093
22789.501493247142
22785.129252557377
22774.888234009806
22749.020730628872
22723.29626812889
22719.73987510351
22665.054590068714
22650.468280963385
22626.196156297192
22620.57578750217
22577.90739194894
22558.496170739396
22556.2903233899
22473.40248978634
22439.830369224943
22432.816716764642
22420.938295103544
22392.148873576374
22342.230837743646
22331.149093345462
22257.037821994498
22228.56980097107
22225.551944505874
22223.00346080697
22223.00346080697
22223.00346080697
22216.698265615538
22207.475331254765
22195.77123681917
22188.205548318918
22176.958616706597
22163.313154164774
22152.497549599626
22145.17651590701
22139.555823163824
22125.845983600062
22118.833014666427
22117.983345120854
22098.839818413602
22093.151222204215
22019.198473825163
22008.803565709466
21995.62495312274
21986.5746826676
21966.820482535597
21951.543627370887
21946.72720974354
21941.494074180853
21928.69656691345
21906.272217730602
21895.04130645858
21885.861943498057
21874.832974673547
21872.529273823744
21841.742551442694
21825.623407567164
21814.01813454385
21794.285450244017
21794.285450244017
21789.76935924238
21768.544511550575
21765.63970927872
21764.359391329253
21760.046525048172
21745.177121126006
21727.23318200403
21727.23318200403
21716.7700357211
21714.489833158634
21708.601922707236
21696.04693769106
21669.704563545256
21669.704563545256
21653.86157966565
21635.222201178276
21629.670518214505
21624.416505260568
21613.519296299193
21597.411096973483
21519.640728483406
21498.719634826477
21491.86293611412
21442.979497578206
21411.125677562617
21411.125677562617
21385.102332538183
21380.388053259354
21373.401432355957
21360.390920576658
21329.299244732745
21324.155064023806
21318.29513557722
21312.124714263275
21308.085331926537
21296.72182255934
21294.765839185056
21278.845637817154
21258.51260158038
21248.99779912452
21228.988655242563
21214.124663696315
21211.608065062384
21204.856824595707
21194.359272633
21168.918192358964
21148.793779334475
21112.42498287355
21103.877103290604
21094.74149480998
21077.010152689734
21053.921002050145
21047.91383756649
21047.91383756649
21036.742299478134
21020.1784707749
21012.14348634778
21000.127737182702
20997.92586206285
20949.468217838265
20944.449506597404
20942.37775293459
20935.5155420332
20935.5155420332
20901.590367618257
20879.20126827746
20876.156682526158
20865.934183227215
20856.543740010522
20844.938084174006
20817.840392150647
20816.793997365807
20806.474709164777
20806.474709164777
20788.035083909657
20784.342699452034
20780.98381094347
20746.400591562575
20744.510068863237
20742.732198832935
20716.602288547627
20706.56873919725
20705.78097527563
20685.92280449685
20674.260529375628
20668.650412347244
20648.4989930109
20608.514699082774
20603.907995371763
20589.57475239607
20575.47211707163
20558.444274396308
20555.821868571496
20523.321259073382
20509.353336944387
20467.88008900864
20459.402982351257
20448.514625989796
20443.30218258909
20409.64515712
20409.64515712
20406.652677235492
20397.36739975996
20388.345872811467
20363.803631572424
20363.803631572424
20363.803631572424
20351.88882724054
20349.167579392528
20342.860313515328
20332.160891600168
20316.382280222482
20311.60443205463
20311.60443205463
20286.983351719402
20286.983351719402
20286.983351719402
20276.234599011055
20276.234599011055
20267.109844038798
20259.5788690296
20239.453878588592
20231.95916805966
20231.95916805966
20219.46763143435
20213.90415602686
20211.751987535157
20211.751987535157
20209.774357882594
20203.58892057393
20157.203872649996
20157.203872649996
20157.203872649996
20150.015917098117
20100.72925698968
20097.08108463284
20097.08108463284
20089.019445786773
20083.213229272293
20072.84977516516
20046.862647862887
20030.06114220084
20026.449637329704
20026.449637329704
20012.22848987422
20002.41950546024
20000.259122295738
19987.469702393366
19987.469702393366
19941.75118273037
19934.02881577197
19925.932969411966
19924.30276837841
19919.87801205823
19919.87801205823
19908.449042218068
19902.625835325824
19902.625835325824
19863.860434220325
19862.66804454361
19861.256532422853
19827.941257596558
19827.941257596558
19815.947880152988
19815.947880152988
19807.554850331646
19784.98863198623
19776.53394457471
19774.449439023076
19763.52378449685
19763.52378449685
19757.72742648167
19745.13782048741
19744.29046346412
19735.058608570635
19730.519190375628
19730.519190375628
19716.28653586508
19697.82447353261
19679.49268318641
19674.96026629026
19673.627629430943
19663.85946282659
19644.052020865773
19641.77344247101
19639.469007266027
19639.469007266027
19639.469007266027
19635.686105974448
19623.55543482512
19620.04342166961
19618.918945642694
19584.2107957789
19574.658076871277
19526.461668861517
19511.856000751675
19489.473736826145
19489.473736826145
19453.35474866367
19446.657978081763
19435.94248487625
19425.733979754736
19424.87311358023
19422.552885821267
19415.883372748634
19408.31117438981
19349.83284145705
19339.17693133124
19312.434520332106
19312.434520332106
19303.10241766787
19303.10241766787
19303.10241766787
19268.559796690977
19268.559796690977
19231.815476791995
19231.39298051951
19226.92031553762
19211.627790290837
19210.24493924652
19205.726857183126
19201.460657820775
19179.173065976
19179.173065976
19161.55536276684
19157.182804820877
19146.907008368966
19144.143617181937
19144.143617181937
19140.07434460946
19131.995660183427
19120.96200741826
19120.96200741826
19119.750551448356
19101.17669867377
19096.24653968759
19096.24653968759
19094.16151185903
19085.057845884865
19082.16452578731
19081.521393258412
19079.078129273857
19074.5137066498
19060.92573819171
19054.313945620546
19051.526315289433
19050.987926526883
19045.96207217131
19037.34483875328
19037.34483875328
19033.045302231512
19030.10055941791
19024.163663322895
18984.477735149925
18977.940303575266
18957.428923384632
18946.59362475346
18936.827705712574
18935.637118360984
18929.07756349957
18910.951358220686
18897.37767356885
18897.37767356885
18897.1485834022
18894.950603854006
18891.595713876413
18887.89757169688
18849.66317628533
18831.35058220672
18826.33803209381
18824.08383694803
18818.43696208389
18809.451165776365
18792.86141026467
18792.86141026467
18784.57573743922
18784.25778111215
18775.69622663811
18774.313392844804
18774.313392844804
18762.52034414667
18735.951207735012
18695.045168326033
18656.711976096743
18656.711976096743
18656.711976096743
18653.41887451175
18639.889820174372
18639.080536381014
18637.887090282584
18634.79503848891
18634.79503848891
18633.658375158884
18623.58515128074
18615.87273199781
18615.180607698625
18598.86585808735
18598.86585808735
18583.68564699789
18581.026475984774
18581.026475984774
18560.365506716953
18560.365506716953
18559.168783536494
18554.619550318504
18538.520479791983
18529.673770281257
18529.164631518655
18529.164631518655
18526.67048544461
18519.048996725385
18519.048996725385
18505.337801595568
18470.690142152096
18466.45487281949
18443.253854784554
18432.762071966474
18426.932186803875
18426.932186803875
18414.832670618827
18408.696193859196
18396.476597864334
18396.476597864334
18396.476597864334
18396.476597864334
18396.476597864334
18384.17979592699
18379.187188619147
18379.187188619147
18376.17863118584
18376.17863118584
18372.69197480128
18344.374872353616
18339.970342460816
18312.71093804592
18312.71093804592
18312.71093804592
18304.317041823044
18304.317041823044
18304.317041823044
18298.377838421697
18293.774350394637
18293.774350394637
18293.774350394637
18282.97217431312
18282.97217431312
18277.658995766877
18253.911501077295
18249.592950780858
18245.64224896696
18241.611070182375
18241.611070182375
18231.11971540637
18220.85963106845
18212.450115233907
18184.53083269721
18176.115502592485
18175.65219603795
18163.29552099507
18152.145927881797
18131.74593713488
18131.74593713488
18129.783959376186
18127.654106848127
18125.522530933373
18115.498270728684
18112.47394550613
18090.93276942033
18089.934535938195
18089.934535938195
18089.934535938195
18087.295978435537
18087.295978435537
18087.295978435537
18083.589505108954
18081.33355840826
18075.957586258948
18065.64520138845
18065.64520138845
18024.807451923094
18024.807451923094
18004.923813053843
17992.22318367215
17986.92122862728
17986.92122862728
17982.687045384646
17971.80503940647
17971.41788494652
17970.00442108331
17968.84481480933
17966.99149992055
17965.39700457266
17965.004429679484
17956.37095178777
17947.9237269254
17944.477527992203
17926.48123530603
17923.93072710774
17923.93072710774
17914.013394841655
17910.88673358058
17910.88673358058
17906.876095261297
17895.744440231734
17895.744440231734
17895.744440231734
17890.438539362247
17888.943859140738
17883.026559712118
17876.96430439035
17857.262630098812
17856.5384284739
17856.396508842106
17828.1220069071
17819.119222312496
17811.674384514077
17811.639602810345
17809.737507855916
17805.08873987136
17802.978401710476
17802.978401710476
17800.677717368835
17793.37132810238
17781.865575933665
17781.108252166858
17781.108252166858
17781.108252166858
17781.108252166858
17780.146736410017
17776.127163617664
17776.127163617664
17764.952946975707
17761.83523576198
17737.423069928216
17737.423069928216
17736.871028327816
17736.871028327816
17734.943419719202
17734.943419719202
17721.954358432944
17721.954358432944
17719.02091654452
17718.970855046464
17696.665462950186
17696.665462950186
17691.724826220823
17686.794387705348
17686.794387705348
17686.794387705348
17686.794387705348
17662.561551403727
17653.66163551284
17653.598383956727
17644.41820217757
17640.263272191325
17633.931960910046
17633.931960910046
17633.931960910046
17633.10745008759
17633.10745008759
17628.627854681316
17628.627854681316
17626.46262864895
17621.13321633993
17621.13321633993
17614.132370008312
17608.01315616661
17595.081254181834
17583.513445791807
17571.778243883295
17571.778243883295
17567.267473818323
17564.435797609105
17562.994829993215
17561.731057640427
17561.731057640427
17561.731057640427
17558.975116141784
17557.78612110848
17540.289796153644
17540.289796153644
17540.289796153644
17540.289796153644
17535.89459724195
17492.393428465468
17492.393428465468
17491.461953323957
17491.461953323957
17491.461953323957
17483.288270372872
17483.020809743768
17482.763783408467
17477.38336794857
17476.6232860876
17426.62098186061
17423.195627937388
17422.302696558298
17419.595614888913
17415.341895094305
17408.47038858815
17408.216621362186
17408.216621362186
17403.386602720293
17403.386602720293
17398.103380492685
17397.290318562573
17396.551047146033
17396.28565137868
17382.35796555654
17382.052436069844
17382.052436069844
17299.721050559965
17299.721050559965
17288.927255375733
17288.927255375733
17288.927255375733
17279.57856112269
17264.353125973877
17264.353125973877
17262.482432977078
17262.482432977078
17260.220086567428
17257.863318227977
17257.863318227977
17257.863318227977
17257.863318227977
17251.68461709619
17249.2952437917
17244.681923542797
17244.681923542797
17244.681923542797
17243.218323708308
17243.218323708308
17237.72496547246
17237.72496547246
17235.374888809907
17235.374888809907
17235.374888809907
17235.15357425837
17235.15357425837
17234.926167961923
17231.803316145746
17224.799852829823
17208.68058335199
17208.68058335199
17206.488955346023
17205.562588046243
17205.562588046243
17202.305157761126
17163.130896148636
17161.79274094451
17155.919094804234
17155.919094804234
17150.683397450743
17144.577768371357
17135.60254965533
17129.576543036143
17128.926124443777
17116.66390400446
17116.016205094253
17116.016205094253
17116.016205094253
17116.016205094253
17116.016205094253
17115.300880845436
17113.863395253746
17113.863395253746
17113.863395253746
17112.22025449853
17112.22025449853
17112.22025449853
17109.031675482893
17108.43475425599
17107.10500138603
17107.10500138603
17090.83148756718
17090.83148756718
17087.69942182859
17087.305827355034
17081.35416862366
17080.90688035273
17080.392235582767
17078.41935584097
17077.164434963386
17070.922358889417
17070.028279272174
17070.028279272174
17070.028279272174
17070.028279272174
17062.2024084456
17062.2024084456
17062.2024084456
17030.73410788289
17030.73410788289
17028.740410418955
17028.740410418955
17028.740410418955
17011.809893075173
17009.601437959107
17009.601437959107
17000.406279347477
16988.863382461874
16979.37752821295
16967.53530984345
16966.747106670035
16957.194996370992
16956.38960446394
16954.957842922937
16949.603984596662
16949.603984596662
16943.338907258236
16943.338907258236
16930.535012953966
16930.535012953966
16930.535012953966
16930.535012953966
16914.37139925806
16875.229215881063
16857.521772824075
16857.521772824075
16806.60826633588
16806.60826633588
16805.797138330374
16804.195497795972
16804.195497795972
16793.87515216544
16792.991875770447
16786.447922337302
16774.718523167197
16774.718523167197
16770.413206993508
16763.6633154219
16761.9875810278
16759.315390171552
16755.42024853064
16743.756603057493
16728.511448599493
16728.511448599493
16725.255317947187
16710.03755957497
16710.03755957497
16709.318712585908
16709.318712585908
16704.90528061577
16704.90528061577
16700.05730870845
16699.236956392895
16698.203845541815
16687.016661820817
16686.69098705308
16678.760165216634
16657.9775211796
16657.9775211796
16657.9775211796
16653.251789532125
16651.559306716
16651.559306716
16644.51224827376
16640.02392576355
16630.177115276998
16630.177115276998
16630.177115276998
16630.177115276998
16622.771164268528
16619.02074091527
16619.02074091527
16583.476646067807
16579.321109457036
16573.517542814505
16573.517542814505
16573.517542814505
16572.32430593838
16565.040336542115
16559.30503952222
16556.128876521947
16556.128876521947
16556.128876521947
16554.41444364364
16554.41444364364
16554.41444364364
16554.41444364364
16553.96543254064
16551.003652377603
16550.27670276709
16550.27670276709
16537.705238479008
16537.705238479008
16511.007313837963
16511.007313837963
16511.007313837963
16500.367970922496
16475.655616250126
16471.188119139926
16470.670658687064
16470.670658687064
16469.774998896424
16468.914486336333
16460.782718281465
16455.86874073142
16454.323046024005
16454.323046024005
16454.323046024005
16436.076879530392
16427.779229251555
16421.392041558353
16421.392041558353
16412.2433783398
16410.098006305274
16410.098006305274
16410.066326598626
16407.56325199267
16396.967759779654
16381.46534520713
16381.46534520713
16378.572135124205
16364.594162857833
16360.651680390443
16358.686963168799
16358.686963168799
16354.566441409532
16354.55518114416
16354.18122222042
16354.18122222042
16349.897735201937
16349.897735201937
16349.897735201937
16340.606496332355
16340.606496332355
16290.822974405766
16290.822974405766
16290.822974405766
16267.46468620368
16265.90129026321
16265.90129026321
16264.758977458236
16264.758977458236
16248.605228948287
16248.605228948287
16245.900283703617
16245.900283703617
16245.679576006405
16244.944508607185
16241.881213821664
16202.65094284432
16201.71622234786
16195.855802144213
16195.855802144213
16189.634858285739
16169.043857767225
16161.482339614622
16161.482339614622
16161.482339614622
16161.482339614622
16160.638167712268
16160.638167712268
16155.828605797613
16155.828605797613
16151.783573654942
16151.733849355634
16118.51873592992
16118.51873592992
16118.51873592992
16118.51873592992
16118.51873592992
16111.670250239033
16101.261091288512
16101.261091288512
16100.624878026043
16100.624878026043
16092.984806377583
16092.984806377583
16092.984806377583
16090.573576933353
16090.573576933353
16090.573576933353
16090.573576933353
16089.101987314727
16089.101987314727
16089.101987314727
16082.912136579273
16081.41603564327
16081.41603564327
16081.41603564327
16067.724426960205
16067.724426960205
16067.724426960205
16064.483157475046
16059.544464160452
16056.109603049348
16056.106650952677
16046.220185146403
16046.220185146403
16033.433752762003
16029.534495154629
16006.597783206451
16006.597783206451
16003.233147448622
16003.233147448622
15997.667842520332
15994.651753154349
15993.092576385874
15989.899272593515
15989.899272593515
15989.899272593515
15980.09111180434
15975.915488281084
15958.19619487739
15948.48368049991
15948.48368049991
15948.48368049991
15939.563469797946
15939.563469797946
15938.35771826228
15930.322957355598
15925.804790526716
15924.084889845666
15919.608582221776
15898.047674429417
15898.010109986179
15885.443887873009
15884.806866424939
15879.39729032326
15879.39729032326
15879.39729032326
15876.842692343867
15876.842692343867
15876.842692343867
15875.355103212194
15869.31440163639
15863.238527600575
15862.913017561537
15862.913017561537
15862.913017561537
15857.39503334513
15857.39503334513
15852.148900019089
15850.384800677773
15850.384800677773
15850.384800677773
15842.674415769032
15842.435788669673
15842.435788669673
15842.435788669673
15839.41175047529
15839.41175047529
15837.748795661864
15836.535194848662
15825.072726541412
15822.754537891287
15814.865146901517
15814.865146901517
15804.74381570321
15797.133618033724
15797.133618033724
15792.534660833355
15788.357991320581
15788.357991320581
15788.357991320581
15788.357991320581
15788.357991320581
15788.357991320581
15788.357991320581
15788.357991320581
15788.357991320581
15788.357991320581
15788.357991320581
15782.130408729498
15782.130408729498
15777.497776122973
15777.497776122973
15766.23944615565
15764.063220796685
15764.063220796685
15760.933941103533
15760.20029448598
15759.53814466467
15759.53814466467
15759.53814466467
15759.53814466467
15751.508067789053
15751.508067789053
15749.734680997351
15748.655379230959
15748.655379230959
15745.6249065253
15745.6249065253
15745.6249065253
15745.6249065253
15745.6249065253
15745.6249065253
15745.6249065253
15745.283992448876
15745.27109889782
15741.864866521146
15737.94557320407
15727.541738154772
15712.543546868794
15712.543546868794
15712.543546868794
15709.51137658732
15709.51137658732
15699.23789244963
15699.23789244963
15698.062185852137
15698.062185852137
15698.062185852137
15698.062185852137
15698.062185852137
15698.062185852137
15698.062185852137
15698.062185852137
15698.062185852137
15690.346353636422
15673.918582184488
15673.918582184488
15673.918582184488
15661.23010457495
15659.449537548906
15658.946868007142
15644.424463167488
15641.813976519343
15641.813976519343
15629.543839445221
15629.543839445221
15623.656916499356
15623.656916499356
15623.216735218928
15623.216735218928
15623.216735218928
15623.216735218928
15612.134721255106
15609.815920098474
15608.909069399495
15608.909069399495
15607.383833951606
15607.383833951606
15607.383833951606
15605.658957116599
15605.658957116599
15604.733331250272
15604.251325466492
15604.251325466492
15592.623054376307
15592.623054376307
15592.623054376307
15592.623054376307
15591.804186257621
15591.804186257621
15591.667871716962
15591.667871716962
15591.667871716962
15591.667871716962
15591.542800320965
15591.542800320965
15591.542800320965
15591.542800320965
15586.985605886262
15578.56372403194
15578.56372403194
15515.485788618169
15511.961129483856
15510.576123670891
15506.529465909216
15506.529465909216
15506.529465909216
15506.529465909216
15506.529465909216
15506.529465909216
15506.529465909216
15506.529465909216
15505.698135830324
15505.674792849777
15505.674792849777
15505.674792849777
15504.397607116523
15503.619811630748
15503.619811630748
15503.619811630748
15503.619811630748
15503.619811630748
15502.348911587036
15501.205812986542
15501.205812986542
15496.551337947645
15496.551337947645
15496.551337947645
15489.738718039576
15489.738718039576
15489.738718039576
15485.437479064589
15483.674526241588
15483.674526241588
15482.770555669442
15482.770555669442
15479.799775786974
15479.799775786974
15474.408500256593
15474.408500256593
15470.284332417375
15470.284332417375
15470.284332417375
15464.849412948777
15459.421058280986
15455.556749779502
15448.099649898668
15448.099649898668
15448.099649898668
15448.099649898668
15448.099649898668
15448.099649898668
15448.099649898668
15431.402533429738
15430.203095746112
15430.203095746112
15429.208482709211
15416.088993382953
15416.088993382953
15416.088993382953
15412.512719485392
15410.254884535565
15410.254884535565
15410.254884535565
15408.091539804405
15408.091539804405
15408.091539804405
15408.091539804405
15408.091539804405
15408.091539804405
15406.868211320172
15406.868211320172
15406.868211320172
15406.251291712493
15404.645870545002
15404.645870545002
15404.645870545002
15404.645870545002
15404.645870545002
15397.082789071586
15397.082789071586
15395.125323422779
15391.936435034242
15391.936435034242
15374.410463891947
15374.164207641741
15374.164207641741
15374.164207641741
15374.164207641741
15374.164207641741
15374.164207641741
15374.164207641741
15367.987631197568
15366.537133111757
15366.537133111757
15366.537133111757
15361.586844471583
15361.586844471583
15361.586844471583
15359.807000003606
15359.629577168678
15359.629577168678
15359.629577168678
15359.629577168678
15358.344476289134
15358.344476289134
15352.293554461261
15345.254744382133
15345.254744382133
15335.251386240336
15335.251386240336
15330.098239897201
15330.098239897201
15330.098239897201
15330.036115129968
15328.397964502155
15328.397964502155
15320.138830772436
15318.679646181217
15318.679646181217
15317.25535472748
15317.25535472748
15315.240449856828
15315.240449856828
15312.56112863077
15312.56112863077
15312.56112863077
15309.304497036086
15309.304497036086
15305.88471895669
15305.88471895669
15305.88471895669
15305.88471895669
15305.88471895669
15287.87394413442
15287.87394413442
15285.767876387712
15285.767876387712
15285.767876387712
15285.767876387712
15285.100813090074
15285.100813090074
15278.694868072636
15276.561259156502
15276.561259156502
15276.561259156502
15268.507889207935
15268.507889207935
15267.305854857865
15254.776650954784
15254.776650954784
15253.84383739143
15252.618282801548
15237.399352182241
15237.399352182241
15237.399352182241
15237.399352182241
15235.072750499556
15226.833142130296
15226.833142130296
15226.833142130296
15226.833142130296
15221.81259958675
15215.79413383379
15212.182588708563
15206.849132578456
15206.849132578456
15203.701803903246
15203.701803903246
15203.701803903246
15203.701803903246
15197.33849918679
15197.33849918679
15193.643275074526
15193.643275074526
15192.587067389008
15192.587067389008
15192.587067389008
15188.798154418013
15183.254825735508
15183.254825735508
15182.550159728733
15181.223954751596
15176.163495930654
15175.677832939333
15175.677832939333
15175.677832939333
15172.76325518752
15169.862332451037
15169.862332451037
15169.862332451037
15168.505231756471
15167.336601493069
15167.213121261491
15165.597753859922
15164.799552701556
15164.562217738488
15158.33072261482
15158.33072261482
15158.144920586952
15158.144920586952
15158.144920586952
15149.173348134891
15148.996825108492
15147.362382766334
15145.76509845064
15144.36188039874
15144.36188039874
15144.36188039874
15144.36188039874
15144.36188039874
15144.36188039874
15144.36188039874
15144.36188039874
15142.781292930078
15142.781292930078
15142.781292930078
15142.781292930078
15141.866519440138
15141.180528437679
15138.422373738806
15137.630847872275
15137.630847872275
15137.630847872275
15137.630847872275
15137.630847872275
15137.630847872275
15137.630847872275
15137.630847872275
15134.47981238973
15134.47981238973
15131.724841099354
15131.724841099354
15128.978936922253
15128.978936922253
15122.43917736186
15122.43917736186
15122.43917736186
15122.43917736186
15113.570347488543
15099.819438411663
15098.535263123651
15098.535263123651
15098.535263123651
15098.535263123651
15098.535263123651
15098.535263123651
15098.535263123651
15098.535263123651
15098.535263123651
15093.773767581117
15093.773767581117
15092.945061940627
15082.39316179411
15082.39316179411
15078.714360225742
15078.714360225742
15072.7140475392
15072.7140475392
15072.7140475392
15072.7140475392
15072.7140475392
15072.7140475392
15072.7140475392
15072.7140475392
15070.58546371768
15068.716432849686
15067.422273444443
15067.422273444443
15067.422273444443
15067.422273444443
15067.422273444443
15067.360519320546
15067.0988862805
15053.251588475294
15053.251588475294
15046.559745885957
15046.559745885957
15046.559745885957
15046.559745885957
15046.559745885957
15044.463677930291
15043.535043993857
15042.204571208928
15035.08597410473
15022.064347815889
15022.064347815889
15022.064347815889
15021.180444170828
15021.180444170828
15021.180444170828
15005.077413801304
15005.077413801304
15005.077413801304
15005.077413801304
15002.160760322757
15002.160760322757
15002.160760322757
15002.160760322757
15001.548911252758
15001.548911252758
15001.548911252758
15001.548911252758
15001.548911252758
15001.548911252758
15001.342930673445
15001.342930673445
15001.342930673445
15001.342930673445
15001.342930673445
15001.342930673445
15001.342930673445
15001.33011185494
15001.33011185494
14997.515077025771
14997.515077025771
14997.515077025771
14997.515077025771
14997.515077025771
14997.515077025771
14997.515077025771
14996.39909371459
14994.253191583735
14988.084292869837
14988.084292869837
14988.084292869837
14982.868083388596
14976.61358391882
14976.61358391882
14976.61358391882
14975.948434730968
14974.19634641997
14974.19634641997
14970.820250297977
14970.820250297977
14970.820250297977
14970.820250297977
14970.820250297977
14970.820250297977
14962.454678544074
14949.380028478863
14949.380028478863
14949.380028478863
14948.066908062548
14948.066908062548
14948.066908062548
14948.066908062548
14948.066908062548
14948.066908062548
14940.708182540442
14935.747425617372
14934.694678453474
14932.695958723678
14927.195665824458
14927.195665824458
14922.243822528575
14917.381421590128
14917.381421590128
14917.381421590128
14915.422061764304
14915.422061764304
14915.100440559558
14915.100440559558
14915.100440559558
14914.865663992288
14907.675859005925
14906.38990301534
14906.38990301534
14906.38990301534
14906.38990301534
14906.38990301534
14905.519793697233
14905.519793697233
14905.519793697233
14905.519793697233
14898.669814294068
14897.394871333569
14897.394871333569
14897.394871333569
14897.284903077849
14897.284903077849
14897.284903077849
14885.581300767442
14885.581300767442
14885.581300767442
14885.581300767442
14885.581300767442
14885.581300767442
14885.581300767442
14885.581300767442
14884.337629028974
14883.834931479709
14877.501552443067
14877.501552443067
14877.501552443067
14877.501552443067
14877.501552443067
14877.501552443067
14876.456574476315
14876.456574476315
14869.52497093167
14869.52497093167
14869.52497093167
14858.285835763123
14858.285835763123
14847.388196479062
14840.38944393753
14840.38944393753
14840.38944393753
14840.38944393753
14840.38944393753
14840.38944393753
14840.38944393753
14839.93165396215
14839.93165396215
14839.38085711657
14837.758710427464
14837.758710427464
14837.758710427464
14837.758710427464
14831.615710380791
14831.615710380791
14831.615710380791
14830.916659486473
14830.916659486473
14830.359764987412
14830.359764987412
14829.212749306664
14829.212749306664
14828.26231552416
14828.26231552416
14806.523545157052
14806.523545157052
14805.608541370037
14803.03301668398
14800.06891048781
14800.06891048781
14775.894438573578
14770.975820525739
14766.434847030927
14766.434847030927
14766.434847030927
14766.434847030927
14766.434847030927
14743.254280400357
14742.413646197429
14742.413646197429
14737.35334666338
14737.35334666338
14720.604878465792
14720.604878465792
14710.686548286543
14710.416307747711
14710.416307747711
14710.416307747711
14710.416307747711
14710.416307747711
14710.416307747711
14710.416307747711
14695.822571664205
14695.822571664205
14695.822571664205
14695.822571664205
14695.822571664205
14695.822571664205
14690.833405313584
14690.833405313584
14690.833405313584
14690.833405313584
14688.34581154918
14688.34581154918
14688.34581154918
14688.34581154918
14688.34581154918
14688.34581154918
14688.34581154918
14687.199489603621
14687.199489603621
14685.915615864416
14682.523014000288
14682.523014000288
14665.218851293963
14632.968934314382
14632.968934314382
14632.968934314382
14622.336947002505
14617.95492076148
14617.95492076148
14612.863640089621
14612.863640089621
14612.863640089621
14612.863640089621
14612.863640089621
14609.67690926675
14600.867150172187
14600.867150172187
14600.867150172187
14598.812598774428
14598.812598774428
14598.812598774428
14598.812598774428
14596.806441457255
14596.806441457255
14596.806441457255
14593.12300684808
14593.12300684808
14592.586039242906
14592.586039242906
14588.565546841222
14587.455602295046
14587.455602295046
14587.438577074643
14587.438577074643
14587.438577074643
14586.020147858488
14586.020147858488
14586.020147858488
14586.020147858488
14586.020147858488
14586.020147858488
14586.020147858488
14580.768797184142
14575.374569021847
14575.374569021847
14572.712726346592
14572.712726346592
14572.712726346592
14571.574245097727
14571.574245097727
14561.061648698083
14560.807657551202
14560.807657551202
14552.384519575393
14548.716063490676
14548.716063490676
14544.401347502642
14543.008103816892
14543.008103816892
14542.208923825612
14539.073145000835
14539.073145000835
14525.65717419868
14525.65717419868
14525.65717419868
14520.51016782621
14520.51016782621
14519.67610211476
14519.67610211476
14516.121511516705
14515.842084339862
14512.020501668272
14511.233448590303
14511.233448590303
14511.233448590303
14511.233448590303
14511.233448590303
14511.233448590303
14500.223318645789
14500.223318645789
14500.223318645789
14500.223318645789
14494.930900632025
14494.930900632025
14494.930900632025
14489.688647247938
14489.688647247938
14489.688647247938
14488.801310964218
14488.801310964218
14487.343662494535
14482.07996556506
14464.75943089817
14464.75943089817
14464.75943089817
14460.079169487057
14460.079169487057
14460.079169487057
14460.079169487057
14460.079169487057
14458.931092054267
14458.931092054267
14458.931092054267
14458.931092054267
14458.931092054267
14458.931092054267
14458.931092054267
14458.931092054267
14458.931092054267
14458.931092054267
14458.931092054267
14456.400566818382
14456.400566818382
14456.400566818382
14439.159454506826
14439.159454506826
14438.13277412102
14438.13277412102
14438.13277412102
14421.156730402608
14420.176711254257
14419.832188082884
14419.000861772303
14417.558210633466
14404.067945053346
14404.067945053346
14404.067945053346
14398.342295694998
14398.342295694998
14398.211007319702
14376.725086817429
14376.725086817429
14376.725086817429
14374.758656592987
14374.758656592987
14373.300477331491
14373.300477331491
14373.300477331491
14357.499978251764
14357.499978251764
14357.499978251764
14357.499978251764
14356.095590050163
14356.095590050163
14355.844028047168
14355.844028047168
14355.844028047168
14355.844028047168
14355.844028047168
14355.844028047168
14355.844028047168
14355.844028047168
14355.844028047168
14355.844028047168
14355.844028047168
14355.844028047168
14355.844028047168
14352.884303028786
14348.55359628355
14335.282972535526
14332.690085384764
14326.71230045893
14326.71230045893
14326.71230045893
14322.340502770792
14321.830764994042
14321.830764994042
14321.830764994042
14321.830764994042
14321.830764994042
14321.459440449979
14320.998726240517
14320.998726240517
14319.149917639576
14319.149917639576
14319.149917639576
14319.149917639576
14318.723908964554
14318.723908964554
14318.723908964554
14318.723908964554
14318.723908964554
14316.654637440648
14312.551427698489
14312.551427698489
14312.551427698489
14310.213606098147
14297.106658744287
14297.106658744287
14295.73134634909
14295.73134634909
14295.73134634909
14295.73134634909
14294.901733056086
14294.901733056086
14294.901733056086
14294.901733056086
14294.901733056086
14294.901733056086
14294.901733056086
14292.14866107397
14291.66695178904
14291.66695178904
14291.66695178904
14289.718930308998
14288.640559242744
14287.00080209746
14284.452391630624
14284.452391630624
14284.452391630624
14284.452391630624
14273.109251690861
14273.109251690861
14273.109251690861
14272.798380634766
14272.798380634766
14272.798380634766
14272.798380634766
14272.798380634766
14268.739249245707
14268.739249245707
14268.739249245707
14268.739249245707
14268.739249245707
14268.739249245707
14267.340606716338
14267.340606716338
14266.796068107595
14266.796068107595
14266.796068107595
14266.796068107595
14266.682027817866
14262.8606397465
14262.479324918715
14262.479324918715
14262.479324918715
14262.479324918715
14254.781167183412
14254.781167183412
14254.629402769015
14254.461126296848
14254.461126296848
14243.8895809177
14243.8895809177
14243.8895809177
14242.082090099153
14226.168856402488
14226.168856402488
14226.168856402488
14226.168856402488
14226.168856402488
14226.168856402488
14226.168856402488
14226.168856402488
14226.168856402488
14194.915043927002
14194.915043927002
14194.915043927002
14189.508421194096
14189.390254927011
14187.030329373125
14187.030329373125
14187.030329373125
14187.030329373125
14185.9169942096
14184.272451286948
14184.272451286948
14184.272451286948
14184.258303641012
14184.186638480789
14184.186638480789
14184.186638480789
14184.186638480789
14184.186638480789
14183.73775255724
14183.73775255724
14183.73775255724
14176.53687574592
14174.597223211485
14157.654315053866
14157.654315053866
14146.854903656496
14146.854903656496
14126.732178382723
14126.732178382723
14126.732178382723
14126.732178382723
14125.511782495396
14125.511782495396
14125.511782495396
14125.511782495396
14125.511782495396
14125.511782495396
14125.511782495396
14124.569052142011
14124.569052142011
14123.494131261497
14120.732409148615
14120.732409148615
14118.655026122677
14118.655026122677
14116.915917634557
14116.915917634557
14116.915917634557
14116.915917634557
14116.915917634557
14116.915917634557
14116.915917634557
14102.305458948367
14100.9202089876
14098.070559554148
14098.070559554148
14093.755073612228
14081.453637470837
14081.453637470837
14081.453637470837
14078.492098837443
14078.492098837443
14078.492098837443
14078.492098837443
14078.492098837443
14077.749888772047
14077.459040931832
14077.459040931832
14060.104499025141
14057.155447849846
14057.155447849846
14057.155447849846
14057.155447849846
14057.155447849846
14057.155447849846
14052.733498725449
14052.733498725449
14052.733498725449
14007.438346785846
14007.438346785846
13976.472335273742
13976.472335273742
13976.472335273742
13976.472335273742
13976.472335273742
13973.841667498058
13973.841667498058
13973.841667498058
13973.841667498058
13973.159436553564
13973.159436553564
13967.65037527596
13967.65037527596
13967.519281761699
13967.519281761699
13967.519281761699
13967.519281761699
13965.942688485657
13961.158005248222
13961.158005248222
13961.158005248222
13961.040968811632
13936.188167824932
13936.188167824932
13933.895969837044
13933.895969837044
13932.452930557467
13932.452930557467
13929.175731224526
13929.175731224526
13926.364564679861
13926.364564679861
13917.09824316247
13917.09824316247
13917.09824316247
13917.09824316247
13898.22585635751
13898.22585635751
13898.22585635751
13898.22081361026
13898.22081361026
13898.22081361026
13898.22081361026
13898.22081361026
13895.236517067922
13895.236517067922
13886.833909835126
13886.833909835126
13886.833909835126
13886.833909835126
13886.833909835126
13886.833909835126
13886.833909835126
13886.833909835126
13886.833909835126
13886.833909835126
13886.029444572301
13886.029444572301
13886.029444572301
13886.029444572301
13886.029444572301
13877.338502234606
13877.338502234606
13876.735220066128
13876.25593630021
13876.25593630021
13872.843079048283
13869.482280946248
13859.611567429567
13859.019416423182
13859.019416423182
13859.019416423182
13859.019416423182
13859.019416423182
13859.019416423182
13859.019416423182
13859.019416423182
13858.913095699356
13850.247814393902
13850.247814393902
13850.247814393902
13850.053336830026
13847.450180195316
13847.450180195316
13845.79314747081
13845.491932478999
13845.491932478999
13845.491932478999
13831.751659898244
13823.645622222371
13823.645622222371
13815.626103272518
13813.252578375716
13813.252578375716
13811.12060207417
13802.969180537577
13802.969180537577
13802.969180537577
13802.406072333331
13797.465678862949
13797.465678862949
13785.354732325615
13785.354732325615
13785.354732325615
13785.354732325615
13783.782460508963
13779.525936777747
13779.525936777747
13779.525936777747
13779.525936777747
13779.525936777747
13779.525936777747
13779.525936777747
13779.525936777747
13779.525936777747
13779.525936777747
13779.525936777747
13779.525936777747
13768.418837162393
13768.418837162393
13766.842580131743
13756.01559098536
13756.01559098536
13756.01559098536
13756.01559098536
13756.01559098536
13756.01559098536
13756.01559098536
13755.139303242304
13755.139303242304
13755.139303242304
13755.139303242304
13754.491309968038
13754.491309968038
13754.491309968038
13754.491309968038
13754.491309968038
13754.491309968038
13754.491309968038
13754.491309968038
13754.491309968038
13754.491309968038
13754.491309968038
13754.491309968038
13754.491309968038
13751.793871001228
13751.793871001228
13751.793871001228
13751.793871001228
13751.793871001228
13745.63748296169
13741.307927996935
13741.307927996935
13741.307927996935
13741.307927996935
13741.307927996935
13740.8921679777
13740.8921679777
13739.80546016853
13739.80546016853
13739.80546016853
13739.80546016853
13739.80546016853
13739.80546016853
13739.80546016853
13738.932628493045
13738.932628493045
13738.932628493045
13738.932628493045
13728.963377628877
13728.963377628877
13728.762887068935
13728.762887068935
13728.762887068935
13728.640407299625
13717.768688762722
13717.768688762722
13713.50881854225
13713.50881854225
13713.50881854225
13713.50881854225
13708.903297642126
13708.903297642126
13708.903297642126
13706.219758453539
13704.00914615604
13704.00914615604
13704.00914615604
13702.737479172378
13702.737479172378
13690.830094777979
13690.830094777979
13690.830094777979
13690.830094777979
13690.830094777979
13676.068342885108
13676.068342885108
13676.068342885108
13676.068342885108
13676.068342885108
13676.068342885108
13676.068342885108
13676.068342885108
13676.068342885108
13676.068342885108
13676.068342885108
13676.068342885108
13676.068342885108
13676.068342885108
13672.190253774286
13672.190253774286
13672.190253774286
13672.190253774286
13672.190253774286
13671.237955544333
13667.173120969006
13667.173120969006
13663.516556083725
13663.516556083725
13663.516556083725
13655.914747662448
13655.914747662448
13655.914747662448
13655.914747662448
13655.914747662448
13655.914747662448
13652.910401747575
13652.910401747575
13652.910401747575
13652.910401747575
13652.557702296353
13652.557702296353
13652.557702296353
13650.416687565363
13650.416687565363
13650.17831596875
13650.17831596875
13650.17831596875
13650.17831596875
13650.17831596875
13650.17831596875
13650.17831596875
13650.17831596875
13650.17831596875
13643.739611236279
13643.739611236279
13642.92762614976
13642.92762614976
13638.710757814473
13637.748429322275
13637.748429322275
13635.106789138694
13635.106789138694
13626.629353196184
13626.629353196184
13626.629353196184
13626.629353196184
13626.629353196184
13626.629353196184
13622.76426342948
13622.76426342948
13622.76426342948
13622.76426342948
13620.012291562685
13620.012291562685
13620.012291562685
13620.012291562685
13620.012291562685
13620.012291562685
13613.2221414193
13610.454347045
13610.454347045
13610.454347045
13592.081737761408
13589.351522080608
13587.77710682553
13587.77710682553
13587.77710682553
13586.993106621763
13586.993106621763
13586.993106621763
13582.56110572101
13579.670556258847
13579.670556258847
13576.670072828034
13574.49423137106
13574.49423137106
13572.463644274721
13572.463644274721
13572.463644274721
13572.463644274721
13572.463644274721
13572.463644274721
13572.463644274721
13572.463644274721
13572.463644274721
13572.463644274721
13572.463644274721
13572.463644274721
13572.463644274721
13572.463644274721
13567.774870178115
13564.24484686293
13564.24484686293
13564.24484686293
13564.24484686293
13562.827891423734
13558.928576690549
13558.928576690549
13558.690841717562
13558.690841717562
13558.690841717562
13556.198199403596
13543.988390490606
13543.92098424085
13543.92098424085
13543.92098424085
13543.92098424085
13543.60143200942
13543.586331048542
13543.586331048542
13543.586331048542
13543.586331048542
13543.586331048542
13543.586331048542
13542.958510416966
13542.958510416966
13542.958510416966
13542.958510416966
13542.958510416966
13542.958510416966
13542.958510416966
13529.596817690866
13529.596817690866
13529.596817690866
13529.596817690866
13529.596817690866
13529.596817690866
13529.596817690866
13528.967859649003
13528.046508091667
13515.445734027619
13515.445734027619
13515.445734027619
13515.445734027619
13515.445734027619
13515.445734027619
13515.445734027619
13515.445734027619
13515.445734027619
13515.445734027619
13515.445734027619
13515.445734027619
13515.445734027619
13515.445734027619
13515.445734027619
13515.445734027619
13515.445734027619
13515.445734027619
13515.155719719414
13515.062700188135
13515.062700188135
13515.062700188135
13514.036404565368
13514.036404565368
13514.036404565368
13514.036404565368
13513.936772018684
13512.617454659485
13512.617454659485
13512.617454659485
13506.289889620617
13506.289889620617
13506.289889620617
13506.289889620617
13505.194702042052
13505.194702042052
13505.194702042052
13505.194702042052
13505.194702042052
13505.194702042052
13504.944952119313
13504.944952119313
13504.944952119313
13504.944952119313
13503.604207530305
13503.604207530305
13503.604207530305
13503.604207530305
13503.604207530305
13503.604207530305
13503.604207530305
13499.31244629141
13487.848259500177
13487.848259500177
13487.848259500177
13487.848259500177
13487.848259500177
13487.843301904588
13487.843301904588
13487.843301904588
13487.843301904588
13484.551376364601
13484.551376364601
13484.551376364601
13484.551376364601
13468.858996034069
13468.858996034069
13467.015859934756
13467.015859934756
13465.21058630553
13465.21058630553
13456.369949710712
13456.369949710712
13456.369949710712
13445.587237002725
13445.587237002725
13445.587237002725
13443.857059896643
13443.857059896643
13443.857059896643
13442.696347990941
13442.696347990941
13442.696347990941
13442.696347990941
13442.696347990941
13439.33637119194
13439.33637119194
13439.33637119194
13430.67885019913
13430.67885019913
13423.022676080602
13423.022676080602
13423.022676080602
13423.022676080602
13423.022676080602
13423.022676080602
13423.022676080602
13423.022676080602
13421.939135117556
13421.939135117556
13421.939135117556
13421.661112548865
13421.661112548865
13421.661112548865
13420.616884050143
13420.046107030428
13420.046107030428
13420.046107030428
13420.046107030428
13416.51820556278
13416.51820556278
13416.51820556278
13416.51820556278
13416.51820556278
13416.51820556278
13416.405318505627
13416.405318505627
13416.405318505627
13416.405318505627
13416.405318505627
13416.405318505627
13416.405318505627
13416.405318505627
13414.736957520226
13414.736957520226
13414.736957520226
13410.044386194199
13410.044386194199
13400.427509320796
13400.427509320796
13400.427509320796
13400.427509320796
13396.834290046545
13367.146553169989
13367.146553169989
13367.146553169989
13367.146553169989
13367.146553169989
13367.146553169989
13367.146553169989
13367.146553169989
13367.146553169989
13367.146553169989
13367.146553169989
13367.146553169989
13367.146553169989
13367.146553169989
13364.540465568001
13364.540465568001
13364.540465568001
13364.540465568001
13364.540465568001
13364.540465568001
13364.434880885894
13362.829493460882
13362.829493460882
13361.951981483544
13360.25357854192
13360.25357854192
13360.25357854192
13360.25357854192
13360.25357854192
13359.50448116458
13358.824272918087
13357.31075645994
13357.31075645994
13357.31075645994
13357.31075645994
13357.31075645994
13357.31075645994
13355.551772692463
13355.551772692463
13355.551772692463
13355.551772692463
13355.551772692463
13351.845729340625
13351.845729340625
13349.76038363521
13349.655517418985
13349.655517418985
13349.439535604663
13349.439535604663
13349.439535604663
13349.439535604663
13349.439535604663
13349.439535604663
13349.439535604663
13345.300341991366
13345.300341991366
13344.766156847603
13344.766156847603
13344.766156847603
13344.766156847603
13344.766156847603
13335.221921603112
13317.006714890435
13317.006714890435
13314.923958985713
13314.374749465158
13314.374749465158
13314.258379653003
13314.258379653003
13312.877292703799
13312.877292703799
13312.877292703799
13307.776351789065
13307.776351789065
13307.329684477685
13306.181382488281
13303.599631107805
13303.155502981353
13303.155502981353
13303.155502981353
13303.155502981353
13298.401414574757
13298.401414574757
13298.401414574757
13298.401414574757
13298.401414574757
13298.401414574757
13298.401414574757
13298.401414574757
13298.401414574757
13298.401414574757
13293.047971729797
13293.047971729797
13285.927451386142
13285.927451386142
13285.927451386142
13285.927451386142
13285.927451386142
13282.911900363437
13282.911900363437
13282.911900363437
13282.651041189685
13282.651041189685
13282.651041189685
13276.747177217632
13276.747177217632
13276.747177217632
13275.193456484609
13275.193456484609
13275.193456484609
13275.193456484609
13275.193456484609
13275.193456484609
13275.193456484609
13275.193456484609
13275.193456484609
13275.193456484609
13275.193456484609
13275.193456484609
13275.193456484609
13275.193456484609
13275.193456484609
13275.193456484609
13275.193456484609
13274.543655987994
13274.543655987994
13274.543655987994
13274.543655987994
13274.543655987994
13274.543655987994
13274.543655987994
13274.543655987994
13274.543655987994
13274.543655987994
13274.543655987994
13273.07854787692
13273.07854787692
13273.07854787692
13272.189243052328
13271.136087983034
13271.136087983034
13271.136087983034
13271.12200292467
13271.12200292467
13267.070291625429
13264.27115735871
13264.27115735871
13264.06391504071
13263.882887064023
13263.882887064023
13263.882887064023
13263.507081301797
13263.507081301797
13263.507081301797
13263.507081301797
13263.507081301797
13259.405806070516
13259.405806070516
13259.405806070516
13259.405806070516
13259.405806070516
13259.405806070516
13259.405806070516
13259.405806070516
13259.405806070516
13259.405806070516
13259.405806070516
13259.405806070516
13254.369263340208
13252.543685624309
13252.543685624309
13249.65750068308
13249.65750068308
13240.348459101013
13239.01237284131
13239.01237284131
13239.01237284131
13239.01237284131
13239.01237284131
13235.272755446204
13235.272755446204
13235.272755446204
13235.272755446204
13235.272755446204
13235.272755446204
13235.272755446204
13235.272755446204
13235.272755446204
13235.272755446204
13235.272755446204
13235.272755446204
13235.272755446204
13235.272755446204
13235.272755446204
13235.272755446204
13235.272755446204
13235.272755446204
13235.272755446204
13235.272755446204
13234.519761847161
13234.519761847161
13233.405115698839
13233.405115698839
13233.405115698839
13233.405115698839
13233.405115698839
13231.842237974648
13231.730352039893
13231.730352039893
13231.730352039893
13231.688002245362
13231.688002245362
13231.688002245362
13231.688002245362
13231.688002245362
13231.688002245362
13231.688002245362
13231.688002245362
13231.688002245362
13231.688002245362
13231.688002245362
13231.688002245362
13231.688002245362
13231.688002245362
13231.688002245362
13231.688002245362
13231.688002245362
13231.688002245362
13231.688002245362
13224.34561504757
13223.100656529723
13213.207318960165
13213.207318960165
13213.207318960165
13213.207318960165
13213.207318960165
13213.207318960165
13213.207318960165
13212.686574618067
13212.14830674411
13212.14830674411
13211.887737474872
13209.79293641529
13208.749161998796
13208.749161998796
13203.079405702118
13203.079405702118
13203.079405702118
13203.079405702118
13203.079405702118
13202.936554323549
13202.936554323549
13202.936554323549
13202.936554323549
13202.936554323549
13202.936554323549
13202.42035285982
13202.42035285982
13202.42035285982
13202.42035285982
13202.308753758083
13201.75187480337
13201.551742923646
13201.551742923646
13201.551742923646
13201.551742923646
13201.551742923646
13200.546806867804
13200.109414924136
13200.109414924136
13200.109414924136
13200.109414924136
13199.610852212272
13199.610852212272
13199.610852212272
13199.610852212272
13199.610852212272
13199.610852212272
13199.610852212272
13199.610852212272
13199.610852212272
13199.610852212272
13199.610852212272
13199.605761619183
13199.605761619183
13192.100807925373
13192.01542082186
13192.01542082186
13185.12620470029
13180.165105076685
13180.165105076685
13180.165105076685
13180.165105076685
13178.59157794688
13178.59157794688
13178.59157794688
13178.59157794688
13178.59157794688
13178.59157794688
13178.59157794688
13178.59157794688
13178.59157794688
13178.59157794688
13178.59157794688
13178.59157794688
13178.59157794688
13178.59157794688
13178.59157794688
13178.59157794688
13178.59157794688
13178.59157794688
13178.59157794688
13176.883334302967
13176.457095800755
13176.288378399948
13176.288378399948
13176.288378399948
13176.288378399948
13176.288378399948
13176.288378399948
13176.288378399948
13176.288378399948
13166.353463438609
13166.353463438609
13166.312400083327
13166.312400083327
13166.312400083327
13166.312400083327
13160.857619421307
13157.899987166453
13157.899987166453
13157.899987166453
13157.391129610161
13157.391129610161
13157.199810787422
13157.199810787422
13157.199810787422
13156.18147481682
13155.287294115009
13152.47938590262
13151.846687139741
13150.832278879378
13150.832278879378
13141.397692613087
13141.397692613087
13141.397692613087
13138.204649084239
13138.204649084239
13138.204649084239
13138.204649084239
13138.204649084239
13138.204649084239
13138.204649084239
13138.204649084239
13138.204649084239
13138.204649084239
13137.987536732164
13137.98046860556
13137.98046860556
13128.493918794058
13128.01242725071
13126.013267246763
13124.063085693491
13124.063085693491
13124.063085693491
13124.063085693491
13124.063085693491
13124.063085693491
13122.527996836558
13116.654910365736
13116.654910365736
13116.218293837836
13116.218293837836
13116.218293837836
13116.218293837836
13113.568475180205
13113.568475180205
13113.568475180205
13110.98981317952
13108.397902425222
13108.397902425222
13107.163992216436
13107.163992216436
13107.163992216436
13107.163992216436
13107.163992216436
13107.163992216436
13107.163992216436
13107.163992216436
13107.163992216436
13107.163992216436
13107.163992216436
13107.163992216436
13107.163992216436
13107.163992216436
13107.163992216436
13107.163992216436
13107.163992216436
13107.163992216436
13107.163992216436
13107.163992216436
13107.163992216436
13107.163992216436
13107.163992216436
13107.163992216436
13107.163992216436
13106.683034798329
13106.683034798329
13106.683034798329
13106.683034798329
13106.683034798329
13106.683034798329
13106.683034798329
13106.481337473915
13106.077324730411
13104.880885851428
13102.631452860514
13102.631452860514
13102.631452860514
13102.06736954344
13102.06736954344
13102.06736954344
13102.06736954344
13102.06736954344
13102.06736954344
13102.06736954344
13102.06736954344
13102.06736954344
13092.019822788987
13072.727613565241
13072.727613565241
13072.727613565241
13072.727613565241
13072.727613565241
13072.727613565241
13072.727613565241
13065.413247171984
13065.413247171984
13065.10513442584
13065.10513442584
13065.10513442584
13065.10513442584
13065.10513442584
13065.10513442584
13062.653184546483
13062.653184546483
13058.117510395305
13047.149123334146
13047.149123334146
13043.365239188683
13043.365239188683
13043.365239188683
13039.053394495619
13039.053394495619
13039.053394495619
13039.053394495619
13033.531159957332
13033.531159957332
13033.531159957332
13033.531159957332
13033.531159957332
13033.531159957332
13032.85882409435
13032.85882409435
13032.85882409435
13032.85882409435
13032.85882409435
13032.85882409435
13032.85882409435
13032.85882409435
13032.85882409435
13032.85882409435
13032.85882409435
13032.85882409435
13032.85882409435
13027.925109899697
13027.251911506211
13024.524270473883
13024.524270473883
13021.790381167557
13021.790381167557
13021.790381167557
13021.790381167557
13021.790381167557
13021.790381167557
13021.790381167557
13021.790381167557
13021.790381167557
13021.790381167557
13021.790381167557
13021.790381167557
13021.790381167557
13020.730642522933
13020.730642522933
13020.46209193179
13020.46209193179
13020.46209193179
13020.46209193179
13020.46209193179
13020.46209193179
13020.46209193179
13020.46209193179
13019.305220825145
13019.305220825145
13019.305220825145
13019.305220825145
13019.305220825145
13019.043942681337
13019.043942681337
13019.043942681337
13019.043942681337
13014.051437561617
13011.510637505906
13011.510637505906
13011.510637505906
13011.510637505906
13011.510637505906
13011.510637505906
13007.250241167092
13007.250241167092
13007.250241167092
13007.250241167092
13007.250241167092
13006.502986009395
13006.502986009395
13003.545057263776
13003.545057263776
13003.337011080266
13003.337011080266
13003.337011080266
13003.337011080266
13003.321509947828
13003.321509947828
13003.321509947828
13003.321509947828
13003.321509947828
13003.321509947828
13003.321509947828
13003.321509947828
13003.321509947828
13003.321509947828
13001.835730710989
13001.835730710989
12998.013972828407
12998.013972828407
12998.013972828407
12996.672117102144
12996.672117102144
12996.672117102144
12996.672117102144
12996.672117102144
12996.672117102144
12995.269729522368
12995.269729522368
12995.269729522368
12995.269729522368
12995.269729522368
12993.179112691383
12993.179112691383
12993.179112691383
12992.145823501787
12992.145823501787
12992.145823501787
12992.145823501787
12992.145823501787
12992.145823501787
12989.192463989426
12989.192463989426
12989.192463989426
12989.192463989426
12989.192463989426
12989.192463989426
12985.196287922066
12985.196287922066
12985.196287922066
12982.677202737921
12982.677202737921
12978.73934124521
12978.73934124521
12978.73934124521
12978.613364096838
12970.245097615685
12970.245097615685
12970.245097615685
12969.693388075504
12969.693388075504
12969.693388075504
12969.693388075504
12968.590636295792
12968.590636295792
12968.590636295792
12968.590636295792
12968.590636295792
12968.590636295792
12968.590636295792
12968.590636295792
12957.071921144643
12957.071921144643
12957.071921144643
12957.071921144643
12956.318268441135
12955.803047053965
12955.803047053965
12955.803047053965
12955.803047053965
12955.803047053965
12955.803047053965
12955.803047053965
12955.47432354131
12955.47432354131
12955.47432354131
12955.47432354131
12955.47432354131
12955.47432354131
12955.47432354131
12948.673974964955
12948.581533965355
12948.581533965355
12948.581533965355
12948.581533965355
12948.581533965355
12947.460477955468
12947.460477955468
12941.989847753981
12941.989847753981
12941.989847753981
12941.989847753981
12941.32804197024
12941.32804197024
12939.942369056953
12939.942369056953
12936.15725313482
12936.15725313482
12936.15725313482
12936.15725313482
12936.15725313482
12924.939986064232
12924.939986064232
12924.939986064232
12921.300934367679
12921.300934367679
12921.300934367679
12921.300934367679
12921.300934367679
12921.300934367679
12921.300934367679
12921.300934367679
12921.115495795251
12921.115495795251
12921.115495795251
12921.115495795251
12921.115495795251
12921.115495795251
12919.156653485126
12919.156653485126
12919.156653485126
12919.156653485126
12919.156653485126
12917.95770356073
12917.95770356073
12917.95770356073
12917.95770356073
12915.330999562699
12915.330999562699
12915.330999562699
12915.330999562699
12915.330999562699
12915.330999562699
12915.330999562699
12915.330999562699
12915.330999562699
12915.330999562699
12915.330999562699
12905.237249655693
12904.968943718986
12904.968943718986
12904.968943718986
12899.156102417337
12898.8254327869
12898.8254327869
12882.506394063495
12878.064300585154
12878.064300585154
12877.525574744497
12877.525574744497
12877.525574744497
12877.525574744497
12877.525574744497
12877.525574744497
12877.525574744497
12877.525574744497
12876.630791190004
12876.630791190004
12876.630791190004
12876.630791190004
12876.630791190004
12874.310258885122
12874.310258885122
12874.310258885122
12874.310258885122
12874.310258885122
12873.987328621712
12873.987328621712
12873.987328621712
12873.987328621712
12873.987328621712
12871.001091232718
12871.001091232718
12871.001091232718
12871.001091232718
12871.001091232718
12871.001091232718
12870.235827978813
12870.235827978813
12870.235827978813
12868.524799437033
12868.524799437033
12868.524799437033
12868.524799437033
12868.524799437033
12868.524799437033
12868.524799437033
12868.524799437033
12867.14001607302
12867.14001607302
12867.128517898238
12864.42645408157
12864.42645408157
12864.42645408157
12864.42645408157
12864.42645408157
12864.42645408157
12864.42645408157
12864.42645408157
12863.997539389478
12863.997539389478
12863.997539389478
12863.488623509817
12863.488623509817
12863.488623509817
12863.488623509817
12860.524713737537
12860.524713737537
12860.321313013446
12860.321313013446
12857.658979713442
12857.658979713442
12857.314472648695
12857.314472648695
12857.314472648695
12857.314472648695
12857.314472648695
12855.841404265264
12855.841404265264
12853.109275629378
12853.109275629378
12853.109275629378
12853.109275629378
12853.109275629378
12853.109275629378
12852.181389328885
12852.000901334966
12852.000901334966
12852.000901334966
12844.246896486016
12844.246896486016
12844.246896486016
12844.246896486016
12844.246896486016
12844.246896486016
12838.786925193259
12838.786925193259
12838.786925193259
12838.786925193259
12838.786925193259
12837.60752173756
12837.60752173756
12836.695188918842
12834.685382888178
12834.685382888178
12834.685382888178
12834.685382888178
12834.685382888178
12834.685382888178
12834.685382888178
12834.685382888178
12834.685382888178
12834.685382888178
12834.685382888178
12830.882777387525
12829.547961306353
12829.547961306353
12829.547961306353
12828.338055124877
12828.338055124877
12828.338055124877
12828.338055124877
12828.338055124877
12827.499996938397
12827.499996938397
12827.499996938397
12827.074353306372
12827.074353306372
12827.074353306372
12827.074353306372
12827.074353306372
12827.074353306372
12827.074353306372
12827.074353306372
12827.074353306372
12824.838690219487
12824.838690219487
12824.838690219487
12824.838690219487
12822.922125519426
12822.922125519426
12814.523640839794
12814.523640839794
12814.194645333493
12811.134346377177
12811.134346377177
12811.134346377177
12811.134346377177
12811.134346377177
12811.134346377177
12811.134346377177
12811.134346377177
12811.134346377177
12811.134346377177
12811.134346377177
12805.32199396274
12805.32199396274
12805.32199396274
12805.32199396274
12805.32199396274
12805.32199396274
12805.32199396274
12805.32199396274
12805.32199396274
12805.32199396274
12805.32199396274
12805.32199396274
12805.32199396274
12805.32199396274
12805.32199396274
12805.32199396274
12805.32199396274
12804.207661066912
12804.207661066912
12800.14830130748
12800.14830130748
12797.562865136244
12797.562865136244
12797.562865136244
12787.646461930704
12787.646461930704
12786.416477459983
12785.908701079561
12785.908701079561
12782.194899881832
12782.194899881832
12782.194899881832
12781.700000413603
12781.700000413603
12780.792708375071
12780.792708375071
12780.792708375071
12780.792708375071
12780.792708375071
12780.792708375071
12780.792708375071
12779.94227951969
12779.94227951969
12779.94227951969
12779.94227951969
12779.94227951969
12779.94227951969
12779.94227951969
12779.94227951969
12779.94227951969
12779.94227951969
12779.808789733064
12779.281736285215
12778.92104114524
12778.92104114524
12778.92104114524
12778.92104114524
12778.92104114524
12778.92104114524
12778.92104114524
12778.92104114524
12778.92104114524
12778.92104114524
12778.92104114524
12764.654617396613
12762.044890861724
12762.044890861724
12762.044890861724
12762.044890861724
12762.044890861724
12762.044890861724
12762.044890861724
12762.044890861724
12762.044890861724
12762.044890861724
12762.044890861724
12761.566193893066
12761.566193893066
12761.566193893066
12761.566193893066
12761.566193893066
12761.566193893066
12761.566193893066
12761.566193893066
12761.566193893066
12761.566193893066
12761.419986007013
12758.327519723985
12758.327519723985
12758.327519723985
12758.327519723985
12758.327519723985
12758.327519723985
12758.327519723985
12758.327519723985
12758.327519723985
12758.327519723985
12758.327519723985
12758.327519723985
12758.327519723985
12758.327519723985
12758.327519723985
12755.969451647985
12755.969451647985
12755.969451647985
12755.969451647985
12754.46110615593
12754.46110615593
12754.427178139958
12754.427178139958
12754.427178139958
12754.427178139958
12750.056093352849
12750.056093352849
12750.056093352849
12750.056093352849
12750.056093352849
12750.056093352849
12750.056093352849
12750.056093352849
12750.056093352849
12750.056093352849
12750.056093352849
12750.056093352849
12750.056093352849
12750.056093352849
12750.056093352849
12750.056093352849
12750.056093352849
12749.307364783792
12749.307364783792
12747.95640378681
12747.95640378681
12745.827057107179
12745.827057107179
12743.3126668334
12743.3126668334
12743.152815069536
12743.152815069536
12743.152815069536
12743.152815069536
12743.152815069536
12743.152815069536
12740.222865598345
12740.156087034884
12740.156087034884
12740.156087034884
12740.156087034884
12739.295326200154
12736.498401537981
12736.498401537981
12736.498401537981
12736.498401537981
12736.498401537981
12736.498401537981
12736.498401537981
12736.498401537981
12736.498401537981
12736.498401537981
12735.079682324444
12735.079682324444
12735.079682324444
12735.079682324444
12734.924469491061
12734.924469491061
12725.062982452584
12724.027860915548
12724.027860915548
12724.027860915548
12724.027860915548
12724.027860915548
12724.027860915548
12724.027860915548
12724.027860915548
12722.085216912534
12719.30461952139
12719.30461952139
12719.30461952139
12719.30461952139
12719.30461952139
12719.30461952139
12719.30461952139
12719.30461952139
12719.30461952139
12719.30461952139
12713.962603080721
12713.962603080721
12713.962603080721
12713.962603080721
12713.962603080721
12713.962603080721
12708.321943896635
12708.321943896635
12706.19262136578
12706.19262136578
12706.19262136578
12706.19262136578
12706.19262136578
12706.19262136578
12706.19262136578
12704.055029765284
12702.219292193748
12702.219292193748
12702.219292193748
12702.219292193748
12701.405669214428
12698.867741573795
12698.867741573795
12698.867741573795
12698.867741573795
12698.867741573795
12698.279142542362
12698.279142542362
12697.746677811374
12697.746677811374
12697.746677811374
12697.346348722422
12697.346348722422
12697.346348722422
12697.346348722422
12697.346348722422
12696.841336675147
12696.841336675147
12696.841336675147
12696.841336675147
12696.841336675147
12675.97480168176
12675.97480168176
12675.97480168176
12664.848383317825
12664.848383317825
12664.848383317825
12664.848383317825
12664.848383317825
12664.848383317825
12664.848383317825
12658.760766718018
12654.195131248815
12654.195131248815
12654.195131248815
12654.195131248815
12654.195131248815
12654.195131248815
12654.195131248815
12654.195131248815
12653.246385438702
12653.246385438702
12653.246385438702
12653.246385438702
12653.246385438702
12653.246385438702
12653.246385438702
12653.246385438702
12653.246385438702
12653.246385438702
12653.246385438702
12652.14148342908
12652.14148342908
12652.14148342908
12652.14148342908
12612.118881290848
12612.118881290848
12612.118881290848
12611.276856089715
12611.276856089715
12611.276856089715
12611.276856089715
12610.217797321999
12610.217797321999
12610.217797321999
12610.217797321999
12610.176197459896
12610.176197459896
12610.176197459896
12610.176197459896
12610.176197459896
12607.829963258351
12607.829963258351
12604.111111934388
12603.21266504374
12603.21266504374
12603.21266504374
12603.21266504374
12603.21266504374
12603.21266504374
12602.641756823434
12602.641756823434
12602.641756823434
12602.633355340813
12602.633355340813
12602.633355340813
12602.633355340813
12602.512144622811
12602.512144622811
12602.512144622811
12602.512144622811
12602.512144622811
12602.512144622811
12602.512144622811
12602.512144622811
12602.512144622811
12602.512144622811
12602.512144622811
12602.512144622811
12602.512144622811
12602.512144622811
12602.512144622811
12602.512144622811
12602.512144622811
12602.512144622811
12602.512144622811
12602.512144622811
12602.512144622811
12602.512144622811
12600.658805023173
12600.658805023173
12598.086441241829
12588.670028962615
12588.670028962615
12588.670028962615
12588.670028962615
12588.670028962615
12588.670028962615
12588.670028962615
12588.670028962615
12588.670028962615
12588.670028962615
12587.77049420655
12586.580065526327
12586.580065526327
12586.580065526327
12586.580065526327
12586.580065526327
12577.272383229596
12577.272383229596
12577.272383229596
12577.272383229596
12577.272383229596
12577.272383229596
12577.272383229596
12577.272383229596
12577.272383229596
12574.29243054826
12574.29243054826
12574.29243054826
12574.29243054826
12574.29243054826
12572.40992751187
12571.879184509442
12571.879184509442
12571.879184509442
12564.942625098465
12563.923324542478
12563.923324542478
12563.923324542478
12562.218145270577
12562.218145270577
12562.218145270577
12562.218145270577
12561.226278394857
12561.226278394857
12561.226278394857
12561.018538725673
12560.291724815044
12560.291724815044
12560.291724815044
12560.291724815044
12560.291724815044
12560.291724815044
12560.291724815044
12560.291724815044
12560.291724815044
12560.291724815044
12560.291724815044
12560.291724815044
12560.291724815044
12560.291724815044
12558.687215260405
12558.687215260405
12558.687215260405
12558.687215260405
12558.687215260405
12557.962037963433
12557.962037963433
12557.962037963433
12557.962037963433
12557.962037963433
12557.074473329625
12557.074473329625
12557.074473329625
12557.074473329625
12557.074473329625
12557.074473329625
12557.074473329625
12554.023079064995
12545.074072917358
12544.865049404487
12544.865049404487
12544.348653338631
12544.348653338631
12544.348653338631
12544.348653338631
12544.348653338631
12544.348653338631
12544.348653338631
12544.348653338631
12544.348653338631
12544.348653338631
12544.348653338631
12544.348653338631
12544.348653338631
12544.348653338631
12544.348653338631
12544.348653338631
12543.809986072478
12541.143859509219
12541.143859509219
12541.143859509219
12541.143859509219
12541.143859509219
12541.143859509219
12541.143859509219
12541.143859509219
12541.143859509219
12541.143859509219
12541.143859509219
12540.194718824137
12540.194718824137
12540.194718824137
12540.194718824137
12540.194718824137
12540.194718824137
12538.398932828894
12538.398932828894
12538.398932828894
12538.398932828894
12538.398932828894
12538.398932828894
12538.398932828894
12538.398932828894
12538.398932828894
12538.398932828894
12538.398932828894
12536.918831273491
12536.918831273491
12536.918831273491
12536.286359585434
12536.286359585434
12536.286359585434
12534.164209692242
12534.164209692242
12534.164209692242
12534.164209692242
12534.164209692242
12534.164209692242
12534.164209692242
12534.164209692242
12534.164209692242
12534.164209692242
12534.164209692242
12534.164209692242
12534.164209692242
12534.164209692242
12534.164209692242
12534.164209692242
12534.164209692242
12534.164209692242
12534.164209692242
12533.776957697628
12533.776957697628
12533.776957697628
12533.776957697628
12533.776957697628
12533.776957697628
12533.776957697628
12531.428671556532
12531.428671556532
12531.428671556532
12531.428671556532
12531.428671556532
12531.428671556532
12531.428671556532
12531.428671556532
12531.428671556532
12530.166955788658
12530.166955788658
12530.166955788658
12524.470737170597
12524.470737170597
12524.470737170597
12524.470737170597
12524.470737170597
12524.470737170597
12524.470737170597
12524.470737170597
12523.83622438156
12523.83622438156
12523.83622438156
12523.83622438156
12523.83622438156
12523.528193976133
12523.528193976133
12523.528193976133
12523.4398448702
12523.4398448702
12516.007423625968
12516.007423625968
12516.007423625968
12516.007423625968
12511.275791650114
12511.275791650114
12511.275791650114
12511.275791650114
12507.03519186296
12507.03519186296
12507.03519186296
12507.03519186296
12507.03519186296
12506.892223527675
12504.29486710211
12504.29486710211
12504.29486710211
12501.389136662548
12501.389136662548
12501.389136662548
12501.389136662548
12501.389136662548
12501.389136662548
12501.389136662548
12501.389136662548
12501.389136662548
12501.389136662548
12501.389136662548
12501.389136662548
12501.389136662548
12501.389136662548
12496.956808095003
12496.956808095003
12496.956808095003
12496.956808095003
12496.956808095003
12496.956808095003
12496.956808095003
12496.956808095003
12496.763381751398
12495.908589259967
12495.908589259967
12495.908589259967
12495.908589259967
12495.908589259967
12495.908589259967
12495.908589259967
12495.363229946533
12495.363229946533
12495.363229946533
12495.363229946533
12494.920240887015
12494.920240887015
12494.920240887015
12493.977834843397
12493.977834843397
12493.977834843397
12493.977834843397
12489.905099508542
12489.905099508542
12489.905099508542
12489.905099508542
12488.532855858213
12488.532855858213
12488.28624088618
12488.28624088618
12488.28624088618
12488.28624088618
12488.28624088618
12488.28624088618
12487.964092205068
12487.964092205068
12487.964092205068
12487.964092205068
12487.964092205068
12480.102277474598
12480.102277474598
12474.38895452581
12473.17757309545
12473.17757309545
12472.222656610813
12472.004664519738
12472.004664519738
12472.004664519738
12472.004664519738
12472.004664519738
12472.004664519738
12472.004664519738
12472.004664519738
12472.004664519738
12472.004664519738
12472.004664519738
12472.004664519738
12472.004664519738
12470.334443108057
12470.334443108057
12470.334443108057
12470.334443108057
12470.334443108057
12470.334443108057
12470.334443108057
12470.334443108057
12470.334443108057
12470.334443108057
12470.334443108057
12470.334443108057
12470.334443108057
12469.85899243237
12466.113104722683
12466.113104722683
12466.113104722683
12466.113104722683
12466.113104722683
12464.668776001961
12464.668776001961
12464.668776001961
12464.668776001961
12464.668776001961
12464.668776001961
12463.291964830765
12463.291964830765
12463.291964830765
12463.291964830765
12460.034513958373
12459.928732878661
12459.928732878661
12459.928732878661
12459.928732878661
12459.928732878661
12459.928732878661
12459.928732878661
12459.865546151208
12459.865546151208
12459.865546151208
12457.533862867427
12456.829291968254
12456.829291968254
12456.829291968254
12456.829291968254
12456.829291968254
12454.014540067707
12454.014540067707
12454.014540067707
12454.014540067707
12453.883184859476
12446.77864440017
12446.77864440017
12446.488164212376
12446.488164212376
12446.488164212376
12446.488164212376
12446.488164212376
12442.990050131
12442.990050131
12442.990050131
12442.990050131
12442.990050131
12442.990050131
12442.990050131
12442.990050131
12442.990050131
12442.990050131
12442.990050131
12442.990050131
12442.79414538352
12442.79414538352
12442.79414538352
12442.79414538352
12442.79414538352
12442.79414538352
12442.79414538352
12442.79414538352
12442.79414538352
12442.700699109682
12442.700699109682
12442.700699109682
12442.700699109682
12442.700699109682
12442.700699109682
12442.700699109682
12442.700699109682
12442.700699109682
12441.85111989146
12441.85111989146
12441.85111989146
12439.761927503332
12439.49483475102
12439.49483475102
12439.49483475102
12438.697187521271
12438.697187521271
12438.199589713573
12437.095735380515
12436.85154333036
12436.85154333036
12436.85154333036
12436.85154333036
12436.85154333036
12436.85154333036
12436.85154333036
12436.85154333036
12436.85154333036
12436.85154333036
12434.610181005764
12434.610181005764
12433.668608684473
12433.668608684473
12433.668608684473
12433.668608684473
12433.668608684473
12433.668608684473
12433.668608684473
12433.668608684473
12433.668608684473
12433.668608684473
12433.668608684473
12433.668608684473
12433.668608684473
12433.668608684473
12433.668608684473
12433.668608684473
12433.668608684473
12433.668608684473
12433.668608684473
12433.668608684473
12433.668608684473
12433.668608684473
12433.668608684473
12433.668608684473
12433.668608684473
12433.668608684473
12433.668608684473
12433.668608684473
12433.668608684473
12433.6578602346
12433.6578602346
12433.425072620073
12433.425072620073
12433.425072620073
12433.425072620073
12433.425072620073
12433.425072620073
12432.706541664555
12432.706541664555
12432.706541664555
12429.722438821898
12429.402944428595
12429.402944428595
12429.402944428595
12429.402944428595
12429.402944428595
12429.402944428595
12429.402944428595
12428.95323388864
12426.925078642027
12426.925078642027
12426.925078642027
12423.715917049569
12423.384204551678
12420.790755948176
12418.47047115649
12418.47047115649
12418.47047115649
12418.47047115649
12418.47047115649
12418.47047115649
12418.47047115649
12418.47047115649
12418.47047115649
12418.47047115649
12418.47047115649
12418.47047115649
12418.47047115649
12418.47047115649
12418.47047115649
12418.47047115649
12418.47047115649
12418.47047115649
12418.47047115649
12418.47047115649
12418.226635140401
12418.226635140401
12418.226635140401
12418.226635140401
12418.226635140401
12418.226635140401
12418.226635140401
12418.226635140401
12417.869370493823
12417.869370493823
12417.869370493823
12417.869370493823
12417.869370493823
12417.869370493823
12417.869370493823
12417.869370493823
12417.869370493823
12417.869370493823
12417.869370493823
12417.869370493823
12417.869370493823
12417.869370493823
12417.67785855075
12417.67785855075
12417.67785855075
12417.67785855075
12417.67785855075
12417.67785855075
12417.67785855075
12417.67785855075
12417.67785855075
12417.67785855075
12417.67785855075
12417.67785855075
12417.67785855075
12417.67785855075
12417.67785855075
12416.382962461807
12416.382962461807
12416.382962461807
12416.382962461807
12416.382962461807
12407.486652870413
12407.486652870413
12407.486652870413
12407.486652870413
12407.486652870413
12407.486652870413
12402.783823811355
12402.783823811355
12402.783823811355
12402.783823811355
12402.783823811355
12402.783823811355
12399.221658974373
12399.221658974373
12389.674144059158
12389.674144059158
12389.674144059158
12388.924365104562
12384.915710653588
12384.915710653588
12383.464035116764
12381.631809079634
12381.631809079634
12381.631809079634
12381.631809079634
12381.631809079634
12381.631809079634
12381.631809079634
12381.631809079634
12381.411920282233
12381.411920282233
12381.411920282233
12381.411920282233
12379.787248219838
12379.787248219838
12379.787248219838
12379.787248219838
12379.787248219838
12379.787248219838
12379.787248219838
12379.787248219838
12379.787248219838
12379.787248219838
12379.787248219838
12379.787248219838
12379.787248219838
12379.787248219838
12379.787248219838
12379.787248219838
12379.787248219838
12379.787248219838
12379.787248219838
12379.787248219838
12379.787248219838
12379.336669508592
12379.336669508592
12379.336669508592
12379.336669508592
12379.336669508592
12378.23164264787
12378.23164264787
12378.23164264787
12378.23164264787
12378.23164264787
12378.23164264787
12378.23164264787
12377.654787305426
12377.654787305426
12377.654787305426
12377.654787305426
12377.583645217352
12377.583645217352
12375.892399153498
12375.892399153498
12375.892399153498
12374.17089472125
12356.445178922846
12356.445178922846
12356.445178922846
12356.445178922846
12356.445178922846
12356.445178922846
12356.445178922846
12356.445178922846
12356.445178922846
12356.445178922846
12356.445178922846
12356.445178922846
12354.704787356879
12354.704787356879
12354.704787356879
12354.704787356879
12354.704787356879
12354.704787356879
12354.704787356879
12354.704787356879
12352.3273187566
12349.841854409335
12349.841854409335
12349.841854409335
12348.842617722821
12348.842617722821
12348.842617722821
12348.842617722821
12348.842617722821
12348.842617722821
12348.842617722821
12348.842617722821
12347.749957327262
12347.749957327262
12347.749957327262
12347.749957327262
12347.749957327262
12347.749957327262
12347.749957327262
12347.749957327262
12347.749957327262
12347.749957327262
12347.749957327262
12343.768558230242
12343.768558230242
12340.141887072205
12340.141887072205
12339.513695193866
12338.242413978553
12338.242413978553
12338.242413978553
12338.242413978553
12338.242413978553
12338.242413978553
12338.242413978553
12338.242413978553
12338.232909089333
12338.232909089333
12338.232909089333
12338.232909089333
12338.232909089333
12338.232909089333
12338.232909089333
12338.232909089333
12338.232909089333
12338.232909089333
12338.232909089333
12338.232909089333
12338.232909089333
12338.232909089333
12338.232909089333
12338.232909089333
12338.232909089333
12338.232909089333
12338.232909089333
12338.232909089333
12338.232909089333
12333.961338182125
12333.961338182125
12333.961338182125
12333.961338182125
12333.961338182125
12333.961338182125
12333.961338182125
12333.961338182125
12333.961338182125
12333.961338182125
12333.961338182125
12333.961338182125
12333.961338182125
12333.961338182125
12333.961338182125
12333.961338182125
12333.961338182125
12333.961338182125
12333.961338182125
12333.961338182125
12333.961338182125
12333.961338182125
12333.961338182125
12333.961338182125
12333.961338182125
12333.961338182125
12333.961338182125
12333.961338182125
12333.961338182125
12333.961338182125
12333.961338182125
12333.961338182125
12333.961338182125
12333.961338182125
12333.961338182125
12331.63898532691
12331.63898532691
12331.63898532691
12331.63898532691
12331.63898532691
12331.63898532691
12331.63898532691
12331.63898532691
12330.972110888524
12330.28576215079
12330.28576215079
12330.28576215079
12330.28576215079
12330.28576215079
12330.28576215079
12330.28576215079
12330.28576215079
12330.28576215079
12330.28576215079
12323.841674817904
12323.841674817904
12323.841674817904
12323.841674817904
12323.841674817904
12323.841674817904
12323.841674817904
12323.841674817904
12321.005345640893
12321.005345640893
12320.34870001261
12319.898486202143
12319.898486202143
12319.898486202143
12319.898486202143
12319.898486202143
12319.898486202143
12319.898486202143
12319.898486202143
12319.898486202143
12316.643721841905
12316.643721841905
12316.643721841905
12316.643721841905
12316.643721841905
12316.643721841905
12316.643721841905
12316.643721841905
12316.643721841905
12316.208752427661
12316.208752427661
12316.208752427661
12316.208752427661
12316.208752427661
12316.208752427661
12316.208752427661
12316.208752427661
12316.208752427661
12316.208752427661
12316.208752427661
12316.208752427661
12314.13997026145
12314.13997026145
12314.13997026145
12314.13997026145
12314.13997026145
12314.13997026145
12314.13997026145
12314.13997026145
12314.129343535935
12314.129343535935
12314.129343535935
12314.129343535935
12314.129343535935
12313.571885755968
12313.571885755968
12313.571885755968
12313.571885755968
12313.571885755968
12313.571885755968
12313.571885755968
12313.571885755968
12313.571885755968
12313.571885755968
12313.571885755968
12313.571885755968
12313.571885755968
12313.571885755968
12313.571885755968
12313.571885755968
12313.571885755968
12313.571885755968
12310.562305422114
12310.562305422114
12310.562305422114
12310.562305422114
12308.475546748827
12308.475546748827
12308.475546748827
12308.475546748827
12308.475546748827
12308.475546748827
12308.475546748827
12308.098910173065
12308.098910173065
12308.098910173065
12308.098910173065
12308.098910173065
12308.098910173065
12308.098910173065
12306.024066761685
12298.793350220283
12298.586764238284
12298.586764238284
12298.586764238284
12298.586764238284
12298.586764238284
12298.586764238284
12298.586764238284
12298.586764238284
12298.586764238284
12298.586764238284
12298.586764238284
12298.319575005398
12298.319575005398
12298.062396308947
12298.062396308947
12298.002440768605
12298.002440768605
12297.53329209435
12297.53329209435
12297.53329209435
12297.53329209435
12297.53329209435
12297.53329209435
12297.53329209435
12297.271302831074
12297.271302831074
12297.271302831074
12297.271302831074
12297.271302831074
12296.2076052383
12296.2076052383
12296.2076052383
12296.2076052383
12296.2076052383
12294.17233543317
12294.17233543317
12294.17233543317
12294.17233543317
12293.833217730134
12293.833217730134
12293.833217730134
12293.833217730134
12293.833217730134
12293.833217730134
12293.833217730134
12293.833217730134
12287.953551626746
12287.953551626746
12287.953551626746
12287.92498621064
12287.92498621064
12287.92498621064
12287.92498621064
12287.92498621064
12287.92498621064
12287.92498621064
12287.92498621064
12287.92498621064
12287.92498621064
12287.92498621064
12287.92498621064
12281.939425436281
12281.939425436281
12261.341215062877
12261.341215062877
12261.341215062877
12261.341215062877
12261.341215062877
12261.341215062877
12261.341215062877
12261.341215062877
12261.341215062877
12261.341215062877
12261.341215062877
12261.341215062877
12261.341215062877
12261.341215062877
12261.341215062877
12261.341215062877
12261.341215062877
12247.144955932157
12247.144955932157
12247.144955932157
12247.144955932157
12246.41881612927
12246.41881612927
12246.41881612927
12246.41881612927
12245.320182292802
12245.320182292802
12245.320182292802
12245.320182292802
12173.220256425651
12173.220256425651
12172.551049526186
12172.551049526186
12172.551049526186
12167.634811872913
12167.634811872913
12166.965920787503
12166.965920787503
12166.817381835532
12163.265512462303
12163.265512462303
12163.265512462303
12163.265512462303
12163.265512462303
12163.265512462303
12163.265512462303
12161.937809247838
12161.937809247838
12161.937809247838
12161.937809247838
12161.596380979381
12161.101583515552
12161.101583515552
12161.101583515552
12161.101583515552
12161.101583515552
12161.101583515552
12161.101583515552
12161.101583515552
12157.255905969289
12157.255905969289
12157.255905969289
12154.228811553716
12154.228811553716
12153.22608709013
12153.22608709013
12153.22608709013
12153.22608709013
12153.22608709013
12153.22608709013
12153.22608709013
12153.22608709013
12152.329657763843
12152.329657763843
12152.329657763843
12152.329657763843
12152.329657763843
12152.329657763843
12152.329657763843
12149.629555091664
12146.049501266982
12146.049501266982
12146.049501266982
12146.049501266982
12146.049501266982
12146.049501266982
12146.049501266982
12146.049501266982
12146.049501266982
12146.049501266982
12140.345748316488
12140.345748316488
12140.345748316488
12140.345748316488
12129.117083220546
12129.117083220546
12129.117083220546
12129.117083220546
12129.117083220546
12129.117083220546
12129.117083220546
12129.117083220546
12129.117083220546
12128.739854370882
12128.739854370882
12128.739854370882
12127.725344424185
12127.725344424185
12127.725344424185
12127.725344424185
12127.725344424185
12125.335437118065
12125.335437118065
12125.335437118065
12125.036737385659
12125.036737385659
12125.036737385659
12125.036737385659
12125.036737385659
12125.036737385659
12125.036737385659
12125.036737385659
12125.036737385659
12123.73827485575
12123.73827485575
12123.73827485575
12123.73827485575
12123.73827485575
12123.73827485575
12123.73827485575
12123.73827485575
12123.73827485575
12123.73827485575
12122.809138270988
12122.809138270988
12122.703103649295
12122.703103649295
12122.703103649295
12122.703103649295
12122.703103649295
12122.703103649295
12122.703103649295
12122.068159419983
12122.068159419983
12122.068159419983
12122.068159419983
12122.068159419983
12122.068159419983
12122.068159419983
12122.068159419983
12121.496514114571
12121.496514114571
12121.496514114571
12121.496514114571
12121.496514114571
12121.496514114571
12121.496514114571
12121.496514114571
12121.496514114571
12121.496514114571
12121.496514114571
12121.496514114571
12118.171514830456
12118.171514830456
12118.171514830456
12118.171514830456
12118.171514830456
12118.171514830456
12118.171514830456
12118.171514830456
12111.397638286895
12111.397638286895
12106.03452893993
12106.03452893993
12106.03452893993
12106.03452893993
12106.03452893993
12106.03452893993
12106.03452893993
12102.702513878638
12100.87692101409
12100.87692101409
12100.87692101409
12100.87692101409
12100.87692101409
12100.87692101409
12100.87692101409
12100.87692101409
12100.87692101409
12100.87692101409
12100.87692101409
12100.87692101409
12100.87692101409
12100.87692101409
12100.87692101409
12100.87692101409
12100.87692101409
12100.87692101409
12100.87692101409
12100.87692101409
12100.87692101409
12100.87692101409
12100.87692101409
12100.87692101409
12100.87692101409
12100.87692101409
12100.87692101409
12100.87692101409
12100.87692101409
12100.87692101409
12100.87692101409
12100.87692101409
12099.89137590778
12099.89137590778
12099.637226356766
12099.637226356766
12099.637226356766
12099.637226356766
12099.637226356766
12098.953471087712
12098.953471087712
12098.953471087712
12098.953471087712
12098.953471087712
12098.807018048905
12098.807018048905
12098.807018048905
12098.807018048905
12098.807018048905
12095.884050821263
12095.884050821263
12095.884050821263
12095.884050821263
12095.884050821263
12095.52686575264
12095.52686575264
12095.52686575264
12095.52686575264
12095.52686575264
12095.52686575264
12095.52686575264
12095.52686575264
12095.52686575264
12095.52686575264
12095.52686575264
12091.343490253454
12091.343490253454
12087.697079654003
12085.124561208982
12085.124561208982
12085.124561208982
12085.124561208982
12085.124561208982
12085.124561208982
12085.124561208982
12085.124561208982
12085.124561208982
12085.124561208982
12085.124561208982
12085.124561208982
12085.124561208982
12085.124561208982
12085.124561208982
12085.124561208982
12085.124561208982
12085.124561208982
12085.124561208982
12085.124561208982
